Запрос: задача уравнение
Матрица A
0.000 0.000 0.000 0.000 0.022 0.000 0.000 0.000 0.000 0.000 0.000
0.000 0.000 0.000 0.000 0.022 0.000 0.000 0.000 0.000 0.012 0.000
0.000 0.026 0.000 0.000 0.022 0.000 0.000 0.000 0.000 0.012 0.000
0.000 0.026 0.000 0.000 0.022 0.000 0.000 0.000 0.000 0.012 0.000
0.000 0.026 0.000 0.000 0.000 0.000 0.000 0.000 0.000 0.012 0.022
0.000 0.026 0.013 0.000 0.000 0.000 0.023 0.000 0.000 0.012 0.022
0.000 0.026 0.013 0.000 0.000 0.000 0.023 0.000 0.000 0.012 0.022
0.000 0.052 0.013 0.000 0.000 0.000 0.023 0.000 0.000 0.012 0.022
0.000 0.052 0.013 0.000 0.000 0.000 0.023 0.000 0.000 0.036 0.022
0.000 0.052 0.013 0.000 0.000 0.000 0.023 0.000 0.000 0.048 0.022
0.000 0.052 0.013 0.000 0.022 0.000 0.023 0.000 0.000 0.048 0.000
0.000 0.052 0.013 0.000 0.022 0.014 0.023 0.000 0.000 0.048 0.000
0.000 0.052 0.013 0.222 0.022 0.014 0.023 0.000 0.000 0.048 0.000
0.000 0.052 0.013 0.222 0.022 0.014 0.023 0.259 0.000 0.048 0.000
0.000 0.052 0.013 0.238 0.022 0.014 0.023 0.259 0.000 0.048 0.000
0.000 0.052 0.013 0.102 0.022 0.014 0.023 0.125 0.000 0.048 0.000
0.000 0.078 0.013 0.102 0.022 0.014 0.023 0.125 0.000 0.048 0.000
0.000 0.078 0.013 0.102 0.022 0.028 0.023 0.125 0.000 0.048 0.000
0.000 0.078 0.013 0.102 0.022 0.028 0.023 0.125 0.000 0.048 0.031
0.000 0.078 0.013 0.102 0.044 0.028 0.023 0.125 0.000 0.048 0.031
0.000 0.089 0.021 0.102 0.071 0.028 0.023 0.131 0.000 0.048 0.031
0.000 0.089 0.021 0.102 0.071 0.028 0.023 0.131 0.000 0.048 0.031
0.000 0.089 0.021 0.102 0.071 0.028 0.023 0.131 0.000 0.048 0.031
0.000 0.089 0.021 0.102 0.071 0.028 0.023 0.131 0.000 0.065 0.031
0.000 0.089 0.021 0.102 0.071 0.028 0.023 0.131 0.022 0.065 0.031
0.000 0.089 0.047 0.102 0.071 0.028 0.023 0.131 0.022 0.082 0.031
0.000 0.089 0.047 0.118 0.071 0.028 0.023 0.131 0.022 0.082 0.031
0.000 0.089 0.047 0.118 0.071 0.028 0.023 0.131 0.022 0.082 0.062
0.000 0.089 0.047 0.118 0.071 0.028 0.023 0.131 0.022 0.082 0.093
0.000 0.089 0.047 0.118 0.071 0.028 0.034 0.131 0.022 0.082 0.093
0.000 0.089 0.047 0.118 0.071 0.028 0.034 0.131 0.044 0.082 0.093
0.000 0.000 0.047 0.118 0.071 0.028 0.034 0.131 0.089 0.082 0.093
0.000 0.000 0.047 0.118 0.071 0.042 0.034 0.131 0.089 0.082 0.093
0.000 0.000 0.047 0.118 0.071 0.042 0.034 0.131 0.089 0.094 0.093
0.000 0.000 0.047 0.118 0.071 0.042 0.034 0.131 0.089 0.106 0.093
0.000 0.000 0.047 0.118 0.071 0.042 0.050 0.131 0.089 0.106 0.093
0.000 0.000 0.047 0.238 0.071 0.042 0.050 0.131 0.089 0.118 0.093
0.000 0.000 0.047 0.238 0.071 0.042 0.050 0.131 0.089 0.118 0.124
0.000 0.000 0.047 0.238 0.071 0.042 0.050 0.131 0.089 0.130 0.124
0.000 0.000 0.047 0.238 0.071 0.071 0.050 0.131 0.089 0.130 0.124
0.000 0.026 0.047 0.238 0.071 0.071 0.050 0.131 0.089 0.130 0.124
0.000 0.026 0.047 0.238 0.071 0.071 0.050 0.131 0.111 0.130 0.124
0.000 0.026 0.047 0.238 0.071 0.100 0.050 0.131 0.111 0.130 0.124
0.000 0.026 0.047 0.238 0.071 0.100 0.050 0.145 0.111 0.130 0.124
0.000 0.026 0.065 0.238 0.071 0.100 0.050 0.145 0.111 0.130 0.124
0.000 0.026 0.065 0.238 0.071 0.129 0.050 0.145 0.111 0.130 0.124
0.000 0.026 0.065 0.222 0.071 0.129 0.050 0.145 0.111 0.130 0.124
0.000 0.026 0.083 0.222 0.071 0.129 0.050 0.145 0.111 0.130 0.124
0.000 0.026 0.083 0.234 0.071 0.129 0.050 0.145 0.111 0.139 0.124
0.000 0.026 0.101 0.234 0.071 0.129 0.050 0.145 0.111 0.139 0.124
0.000 0.026 0.101 0.234 0.071 0.129 0.050 0.145 0.111 0.139 0.124
0.000 0.026 0.101 0.234 0.071 0.129 0.050 0.145 0.111 0.151 0.124
0.000 0.026 0.101 0.234 0.086 0.129 0.050 0.145 0.111 0.151 0.146
0.000 0.026 0.101 0.234 0.086 0.129 0.050 0.145 0.111 0.151 0.177
0.000 0.052 0.101 0.234 0.086 0.129 0.050 0.145 0.111 0.151 0.177
0.000 0.052 0.101 0.234 0.101 0.129 0.050 0.145 0.111 0.151 0.199
0.000 0.052 0.101 0.234 0.101 0.129 0.050 0.145 0.133 0.151 0.199
0.000 0.052 0.101 0.201 0.101 0.139 0.050 0.145 0.133 0.151 0.199
0.000 0.052 0.101 0.201 0.101 0.153 0.050 0.145 0.133 0.151 0.199
0.000 0.052 0.101 0.201 0.101 0.153 0.050 0.145 0.133 0.187 0.199
0.000 0.052 0.101 0.201 0.101 0.163 0.050 0.145 0.133 0.196 0.199
0.000 0.052 0.101 0.201 0.101 0.163 0.050 0.145 0.133 0.208 0.199
0.000 0.052 0.101 0.201 0.101 0.163 0.066 0.145 0.133 0.208 0.199
0.000 0.052 0.101 0.201 0.101 0.163 0.066 0.145 0.155 0.208 0.199
0.000 0.052 0.104 0.202 0.103 0.165 0.069 0.147 0.159 0.208 0.202
0.000 0.052 0.104 0.202 0.103 0.165 0.086 0.154 0.160 0.208 0.202
0.000 0.052 0.104 0.202 0.103 0.165 0.086 0.164 0.160 0.208 0.202
0.000 0.052 0.114 0.202 0.103 0.173 0.086 0.164 0.171 0.208 0.202
0.000 0.052 0.123 0.202 0.103 0.173 0.086 0.164 0.171 0.208 0.202
0.000 0.052 0.123 0.202 0.103 0.173 0.086 0.164 0.184 0.208 0.246
0.000 0.052 0.123 0.211 0.103 0.173 0.103 0.164 0.184 0.215 0.246
0.000 0.052 0.123 0.211 0.103 0.173 0.103 0.178 0.184 0.215 0.246
0.000 0.052 0.123 0.211 0.103 0.187 0.103 0.178 0.184 0.215 0.246
0.000 0.052 0.123 0.211 0.103 0.207 0.114 0.178 0.184 0.215 0.246
0.000 0.070 0.123 0.211 0.103 0.217 0.114 0.178 0.184 0.215 0.246
0.000 0.070 0.123 0.211 0.103 0.217 0.114 0.178 0.184 0.227 0.246
0.000 0.070 0.123 0.211 0.103 0.217 0.114 0.178 0.184 0.239 0.246
0.000 0.070 0.123 0.211 0.103 0.217 0.114 0.178 0.184 0.256 0.259
0.000 0.070 0.123 0.211 0.103 0.231 0.114 0.178 0.184 0.256 0.259
0.000 0.070 0.130 0.214 0.103 0.234 0.112 0.178 0.095 0.256 0.265
0.000 0.070 0.130 0.214 0.103 0.234 0.112 0.178 0.095 0.256 0.265
0.000 0.070 0.130 0.214 0.103 0.234 0.112 0.178 0.095 0.256 0.265
0.000 0.072 0.131 0.216 0.106 0.236 0.113 0.179 0.095 0.256 0.266
0.000 0.098 0.131 0.216 0.106 0.236 0.113 0.179 0.095 0.256 0.266
0.000 0.098 0.131 0.216 0.128 0.236 0.113 0.179 0.095 0.256 0.266
0.000 0.098 0.131 0.225 0.128 0.252 0.113 0.179 0.107 0.256 0.266
0.000 0.098 0.131 0.225 0.128 0.252 0.113 0.179 0.107 0.268 0.266
0.000 0.098 0.131 0.225 0.150 0.252 0.113 0.179 0.107 0.268 0.266
0.000 0.098 0.132 0.234 0.150 0.252 0.113 0.182 0.107 0.268 0.266
0.000 0.098 0.132 0.234 0.150 0.252 0.113 0.182 0.107 0.268 0.266
0.000 0.098 0.132 0.234 0.150 0.252 0.113 0.182 0.107 0.268 0.266
0.000 0.098 0.132 0.234 0.150 0.252 0.113 0.182 0.107 0.268 0.266
0.000 0.098 0.132 0.238 0.150 0.252 0.113 0.182 0.107 0.268 0.266
0.000 0.098 0.141 0.238 0.593 0.252 0.113 0.182 0.107 0.268 0.266
0.000 0.098 0.141 0.238 0.593 0.262 0.113 0.186 0.107 0.268 0.266
0.000 0.098 0.141 0.247 0.593 0.262 0.113 0.186 0.107 0.275 0.283
0.000 0.098 0.141 0.247 0.593 0.262 0.114 0.186 0.107 0.275 0.283
0.000 0.098 0.141 0.250 0.602 0.268 0.114 0.186 0.116 0.275 0.283
0.000 0.098 0.141 0.250 0.602 0.268 0.114 0.192 0.116 0.284 0.283
0.000 0.098 0.141 0.250 0.602 0.268 0.124 0.192 0.116 0.284 0.283
0.000 0.149 0.141 0.250 0.602 0.268 0.124 0.192 0.116 0.284 0.283
0.000 0.149 0.141 0.250 0.602 0.276 0.124 0.192 0.116 0.297 0.283
0.000 0.252 0.141 0.250 0.602 0.276 0.124 0.192 0.116 0.297 0.283
0.000 0.252 0.141 0.250 0.602 0.276 0.124 0.192 0.116 0.297 0.283
0.000 0.278 0.141 0.250 0.602 0.276 0.124 0.192 0.116 0.297 0.283
0.000 0.289 0.141 0.250 0.602 0.282 0.124 0.196 0.125 0.297 0.283
0.000 0.289 0.150 0.250 0.602 0.282 0.124 0.198 0.125 0.297 0.283
0.000 0.289 0.154 0.250 0.602 0.282 0.124 0.198 0.125 0.297 0.283
0.000 0.289 0.154 0.250 0.602 0.282 0.130 0.198 0.125 0.297 0.283
0.000 0.289 0.154 0.250 0.602 0.282 0.130 0.206 0.125 0.297 0.283
0.000 0.315 0.154 0.250 0.602 0.282 0.130 0.206 0.125 0.297 0.283
0.000 0.315 0.168 0.250 0.602 0.282 0.130 0.206 0.125 0.297 0.283
0.000 0.315 0.168 0.250 0.602 0.282 0.130 0.206 0.125 0.310 0.283
0.000 0.315 0.168 0.250 0.602 0.282 0.130 0.206 0.125 0.321 0.283
0.000 0.315 0.168 0.250 0.602 0.282 0.130 0.206 0.125 0.322 0.283
0.000 0.315 0.168 0.250 0.602 0.288 0.130 0.212 0.125 0.322 0.283
0.000 0.315 0.168 0.250 0.602 0.290 0.130 0.212 0.125 0.322 0.283
0.000 0.315 0.172 0.250 0.602 0.290 0.130 0.212 0.125 0.322 0.283
0.000 0.315 0.173 0.250 0.602 0.290 0.130 0.212 0.125 0.322 0.283
0.000 0.341 0.173 0.250 0.602 0.290 0.130 0.212 0.125 0.322 0.283
0.000 0.341 0.173 0.250 0.602 0.302 0.130 0.212 0.125 0.322 0.283
0.000 0.359 0.173 0.250 0.617 0.302 0.130 0.212 0.125 0.322 0.283
0.000 0.359 0.173 0.250 0.617 0.316 0.130 0.212 0.125 0.322 0.283
0.000 0.359 0.173 0.250 0.617 0.316 0.130 0.212 0.125 0.322 0.283
0.000 0.359 0.173 0.250 0.617 0.316 0.130 0.212 0.125 0.322 0.283
0.000 0.359 0.173 0.254 0.617 0.316 0.130 0.212 0.125 0.322 0.283
0.000 0.359 0.190 0.254 0.617 0.316 0.130 0.212 0.125 0.322 0.283
0.000 0.359 0.190 0.254 0.617 0.316 0.130 0.212 0.125 0.322 0.283
0.000 0.359 0.190 0.254 0.617 0.319 0.130 0.212 0.125 0.322 0.283
0.000 0.359 0.190 0.254 0.617 0.319 0.140 0.212 0.125 0.322 0.283
0.000 0.359 0.190 0.254 0.617 0.330 0.140 0.212 0.125 0.322 0.283
0.000 0.359 0.190 0.266 0.617 0.330 0.140 0.212 0.125 0.329 0.290
0.000 0.359 0.190 0.266 0.617 0.333 0.140 0.212 0.125 0.329 0.290
0.000 0.359 0.190 0.266 0.617 0.333 0.140 0.213 0.125 0.329 0.290
0.000 0.381 0.190 0.266 0.635 0.333 0.140 0.213 0.125 0.329 0.272
0.000 0.381 0.190 0.266 0.635 0.333 0.140 0.213 0.125 0.333 0.272
0.000 0.381 0.190 0.266 0.635 0.333 0.140 0.227 0.125 0.333 0.272
0.000 0.381 0.131 0.266 0.635 0.333 0.146 0.227 0.125 0.338 0.272
0.000 0.381 0.131 0.266 0.635 0.333 0.146 0.240 0.125 0.338 0.272
0.000 0.381 0.131 0.266 0.635 0.333 0.146 0.254 0.125 0.338 0.272
0.000 0.407 0.131 0.266 0.635 0.333 0.146 0.254 0.125 0.338 0.272
0.000 0.510 0.131 0.266 0.635 0.333 0.146 0.254 0.125 0.338 0.272
0.000 0.519 0.131 0.266 0.635 0.341 0.146 0.254 0.125 0.338 0.272
0.000 0.519 0.131 0.266 0.635 0.341 0.146 0.254 0.125 0.350 0.272
0.000 0.519 0.131 0.266 0.635 0.341 0.146 0.254 0.125 0.350 0.272
0.000 0.519 0.131 0.266 0.635 0.341 0.146 0.254 0.125 0.350 0.272
0.000 0.519 0.131 0.266 0.678 0.341 0.146 0.254 0.125 0.350 0.272
0.000 0.519 0.131 0.266 0.678 0.341 0.146 0.254 0.125 0.362 0.272
0.000 0.519 0.134 0.267 0.678 0.343 0.097 0.255 0.089 0.364 0.275
0.000 0.519 0.134 0.267 0.678 0.343 0.097 0.255 0.089 0.364 0.290
0.000 0.519 0.134 0.267 0.678 0.343 0.113 0.255 0.089 0.364 0.290
0.000 0.519 0.134 0.267 0.678 0.343 0.113 0.255 0.111 0.364 0.290
0.000 0.519 0.134 0.267 0.678 0.343 0.113 0.269 0.111 0.364 0.290
0.000 0.519 0.134 0.267 0.678 0.343 0.113 0.269 0.111 0.400 0.290
0.000 0.519 0.134 0.267 0.678 0.343 0.129 0.269 0.111 0.400 0.290
0.000 0.519 0.134 0.267 0.678 0.343 0.129 0.273 0.111 0.400 0.290
0.000 0.519 0.134 0.267 0.678 0.344 0.129 0.280 0.111 0.400 0.290
0.000 0.519 0.134 0.267 0.678 0.344 0.129 0.280 0.125 0.400 0.290
0.000 0.519 0.134 0.267 0.678 0.344 0.129 0.280 0.125 0.400 0.290
0.000 0.524 0.134 0.267 0.678 0.344 0.129 0.280 0.125 0.400 0.290
0.000 0.524 0.134 0.267 0.678 0.351 0.129 0.280 0.125 0.400 0.290
0.000 0.524 0.147 0.267 0.678 0.351 0.129 0.280 0.133 0.400 0.290
0.000 0.524 0.147 0.267 0.678 0.358 0.129 0.261 0.133 0.400 0.290
0.000 0.524 0.147 0.267 0.678 0.358 0.129 0.261 0.133 0.400 0.290
0.000 0.524 0.147 0.267 0.678 0.358 0.129 0.261 0.133 0.400 0.290
0.000 0.524 0.147 0.267 0.678 0.358 0.129 0.275 0.133 0.400 0.290
0.000 0.524 0.147 0.267 0.678 0.361 0.129 0.275 0.133 0.400 0.290
0.000 0.524 0.147 0.267 0.678 0.361 0.129 0.275 0.133 0.400 0.290
0.000 0.281 0.147 0.267 0.678 0.141 0.129 0.275 0.087 0.400 0.290
0.000 0.281 0.165 0.267 0.678 0.141 0.129 0.275 0.087 0.400 0.290
0.000 0.281 0.165 0.270 0.678 0.141 0.138 0.280 0.087 0.400 0.300
0.000 0.299 0.165 0.270 0.678 0.141 0.138 0.283 0.087 0.400 0.300
0.000 0.299 0.175 0.270 0.678 0.141 0.146 0.283 0.099 0.400 0.300
0.000 0.299 0.175 0.270 0.678 0.141 0.146 0.283 0.099 0.400 0.300
0.000 0.299 0.188 0.270 0.678 0.141 0.146 0.290 0.099 0.400 0.300
0.000 0.299 0.188 0.270 0.678 0.141 0.146 0.290 0.114 0.400 0.300
0.000 0.299 0.188 0.270 0.678 0.151 0.146 0.293 0.114 0.400 0.306
0.000 0.299 0.190 0.270 0.678 0.151 0.146 0.293 0.114 0.400 0.306
0.000 0.299 0.190 0.270 0.678 0.151 0.146 0.293 0.115 0.400 0.306
0.000 0.299 0.191 0.270 0.678 0.151 0.146 0.293 0.115 0.400 0.306
0.000 0.299 0.191 0.270 0.678 0.151 0.146 0.293 0.133 0.400 0.306
0.000 0.299 0.191 0.270 0.687 0.151 0.146 0.293 0.133 0.400 0.306
0.000 0.299 0.191 0.270 0.687 0.151 0.146 0.293 0.133 0.400 0.306
0.000 0.299 0.191 0.270 0.700 0.151 0.146 0.293 0.133 0.400 0.306
0.000 0.299 0.191 0.270 0.700 0.151 0.147 0.293 0.133 0.400 0.306
0.000 0.299 0.191 0.270 0.700 0.151 0.147 0.293 0.133 0.400 0.306
0.000 0.299 0.191 0.270 0.700 0.151 0.147 0.293 0.133 0.400 0.321
0.000 0.299 0.191 0.270 0.700 0.151 0.147 0.293 0.133 0.412 0.321
0.000 0.299 0.191 0.270 0.700 0.161 0.147 0.293 0.136 0.412 0.321
0.000 0.313 0.191 0.270 0.709 0.161 0.147 0.293 0.142 0.412 0.321
0.000 0.313 0.191 0.270 0.709 0.161 0.147 0.293 0.142 0.412 0.321
0.000 0.313 0.191 0.270 0.709 0.167 0.147 0.293 0.148 0.417 0.334
0.000 0.313 0.191 0.270 0.709 0.167 0.147 0.300 0.148 0.417 0.334
0.000 0.313 0.191 0.270 0.709 0.167 0.147 0.307 0.148 0.417 0.334
0.000 0.313 0.191 0.270 0.709 0.167 0.147 0.307 0.148 0.429 0.334
0.000 0.313 0.194 0.270 0.709 0.167 0.147 0.307 0.148 0.429 0.334
0.000 0.313 0.206 0.270 0.709 0.167 0.147 0.307 0.148 0.429 0.334
0.000 0.313 0.206 0.276 0.709 0.167 0.147 0.307 0.148 0.429 0.334
0.000 0.313 0.206 0.276 0.712 0.167 0.147 0.307 0.148 0.429 0.334
0.000 0.313 0.206 0.276 0.712 0.167 0.162 0.307 0.148 0.429 0.334
0.000 0.313 0.206 0.276 0.712 0.167 0.162 0.307 0.148 0.429 0.337
0.000 0.313 0.206 0.282 0.712 0.177 0.162 0.307 0.148 0.429 0.337
0.000 0.313 0.206 0.282 0.712 0.177 0.162 0.307 0.149 0.429 0.337
0.000 0.313 0.206 0.282 0.712 0.191 0.162 0.307 0.149 0.429 0.337
0.000 0.313 0.206 0.201 0.712 0.191 0.162 0.314 0.149 0.429 0.337
0.000 0.313 0.206 0.201 0.712 0.191 0.162 0.314 0.149 0.429 0.337
0.000 0.313 0.206 0.201 0.712 0.191 0.162 0.314 0.149 0.453 0.337
0.000 0.313 0.206 0.201 0.712 0.191 0.162 0.314 0.149 0.465 0.337
0.000 0.313 0.206 0.201 0.712 0.191 0.162 0.314 0.149 0.309 0.337
0.000 0.313 0.206 0.222 0.712 0.191 0.169 0.314 0.149 0.307 0.337
0.000 0.313 0.206 0.222 0.712 0.191 0.169 0.314 0.149 0.309 0.359
0.000 0.313 0.208 0.222 0.712 0.191 0.169 0.314 0.149 0.309 0.359
0.000 0.313 0.208 0.205 0.712 0.191 0.169 0.314 0.149 0.309 0.359
0.000 0.313 0.209 0.222 0.712 0.191 0.169 0.314 0.149 0.309 0.359
0.000 0.313 0.209 0.222 0.712 0.205 0.169 0.314 0.149 0.309 0.359
0.000 0.313 0.209 0.222 0.712 0.205 0.169 0.317 0.149 0.309 0.359
0.000 0.313 0.212 0.222 0.724 0.205 0.169 0.317 0.149 0.309 0.365
0.000 0.339 0.212 0.222 0.724 0.205 0.169 0.317 0.149 0.309 0.365
0.000 0.339 0.212 0.205 0.724 0.205 0.169 0.317 0.149 0.309 0.365
0.000 0.339 0.212 0.205 0.724 0.205 0.169 0.317 0.149 0.316 0.365
0.000 0.339 0.212 0.217 0.739 0.205 0.169 0.317 0.149 0.316 0.365
0.000 0.339 0.212 0.217 0.739 0.213 0.169 0.324 0.149 0.316 0.365
0.000 0.339 0.219 0.217 0.752 0.213 0.169 0.324 0.149 0.316 0.365
0.000 0.339 0.219 0.217 0.752 0.227 0.169 0.324 0.149 0.316 0.365
0.000 0.339 0.219 0.222 0.752 0.227 0.169 0.324 0.149 0.316 0.365
0.000 0.339 0.221 0.222 0.752 0.227 0.169 0.324 0.149 0.316 0.365
0.000 0.339 0.221 0.222 0.752 0.227 0.169 0.328 0.149 0.316 0.365
0.000 0.339 0.221 0.222 0.362 0.227 0.169 0.328 0.149 0.316 0.365
0.000 0.339 0.221 0.222 0.362 0.227 0.169 0.328 0.149 0.316 0.376
0.000 0.339 0.224 0.222 0.362 0.227 0.173 0.328 0.149 0.316 0.376
0.000 0.339 0.224 0.222 0.362 0.227 0.173 0.338 0.149 0.316 0.376
0.000 0.339 0.224 0.222 0.362 0.227 0.186 0.338 0.149 0.316 0.376
0.000 0.339 0.224 0.222 0.362 0.227 0.189 0.338 0.149 0.316 0.376
0.000 0.339 0.224 0.222 0.405 0.227 0.189 0.338 0.149 0.316 0.376
0.000 0.339 0.224 0.228 0.405 0.227 0.189 0.338 0.149 0.316 0.376
0.000 0.339 0.224 0.228 0.405 0.227 0.189 0.352 0.149 0.316 0.376
0.000 0.339 0.224 0.233 0.405 0.227 0.189 0.352 0.149 0.316 0.376
0.000 0.339 0.224 0.238 0.405 0.227 0.189 0.352 0.149 0.316 0.376
0.000 0.339 0.224 0.238 0.405 0.256 0.189 0.352 0.149 0.316 0.376
0.000 0.339 0.224 0.238 0.405 0.256 0.189 0.352 0.149 0.316 0.376
0.000 0.339 0.224 0.238 0.405 0.256 0.189 0.352 0.149 0.316 0.376
0.000 0.339 0.225 0.241 0.405 0.256 0.192 0.355 0.149 0.321 0.382
0.000 0.350 0.225 0.241 0.405 0.256 0.194 0.356 0.149 0.321 0.382
0.000 0.350 0.225 0.241 0.405 0.259 0.194 0.356 0.149 0.321 0.382
0.000 0.350 0.173 0.241 0.405 0.269 0.194 0.356 0.149 0.321 0.382
0.000 0.350 0.173 0.241 0.405 0.269 0.194 0.361 0.149 0.321 0.382
0.000 0.350 0.173 0.241 0.405 0.269 0.194 0.361 0.149 0.321 0.382
0.000 0.350 0.173 0.241 0.405 0.269 0.194 0.361 0.149 0.333 0.382
0.000 0.350 0.173 0.241 0.405 0.269 0.194 0.361 0.149 0.345 0.382
0.000 0.350 0.173 0.241 0.405 0.269 0.194 0.361 0.149 0.357 0.382
0.000 0.350 0.173 0.241 0.405 0.270 0.194 0.361 0.149 0.357 0.382
0.000 0.350 0.173 0.244 0.405 0.270 0.194 0.361 0.149 0.357 0.382
0.000 0.376 0.173 0.244 0.405 0.270 0.194 0.361 0.149 0.357 0.382
0.000 0.376 0.173 0.244 0.405 0.270 0.194 0.361 0.149 0.369 0.382
0.000 0.376 0.183 0.244 0.405 0.270 0.194 0.366 0.151 0.369 0.382
0.000 0.376 0.183 0.244 0.405 0.270 0.195 0.366 0.151 0.369 0.382
0.000 0.376 0.201 0.244 0.405 0.270 0.195 0.366 0.151 0.369 0.382
0.000 0.376 0.201 0.244 0.405 0.270 0.195 0.366 0.151 0.381 0.382
0.000 0.376 0.201 0.244 0.405 0.270 0.195 0.366 0.151 0.393 0.382
0.000 0.376 0.201 0.249 0.405 0.270 0.195 0.366 0.151 0.393 0.382
0.000 0.376 0.201 0.249 0.405 0.270 0.195 0.366 0.157 0.393 0.382
0.000 0.390 0.201 0.249 0.417 0.270 0.195 0.368 0.157 0.393 0.382
0.000 0.390 0.219 0.249 0.417 0.270 0.195 0.368 0.157 0.393 0.382
0.000 0.390 0.219 0.253 0.417 0.270 0.195 0.368 0.157 0.393 0.382
0.000 0.390 0.219 0.253 0.417 0.270 0.195 0.368 0.157 0.402 0.396
0.000 0.390 0.219 0.253 0.417 0.270 0.195 0.368 0.157 0.402 0.404
0.000 0.408 0.219 0.253 0.417 0.270 0.195 0.368 0.157 0.402 0.404
0.000 0.408 0.225 0.253 0.417 0.270 0.195 0.368 0.157 0.402 0.404
0.000 0.408 0.225 0.253 0.417 0.279 0.195 0.368 0.157 0.402 0.404
0.000 0.408 0.225 0.253 0.417 0.279 0.195 0.368 0.160 0.402 0.404
0.000 0.408 0.225 0.253 0.417 0.279 0.199 0.368 0.160 0.402 0.404
0.000 0.408 0.225 0.253 0.417 0.279 0.202 0.368 0.160 0.402 0.404
0.000 0.416 0.231 0.253 0.417 0.279 0.207 0.368 0.160 0.402 0.414
0.000 0.416 0.231 0.253 0.417 0.279 0.207 0.368 0.160 0.414 0.414
0.000 0.416 0.231 0.253 0.417 0.279 0.207 0.368 0.160 0.414 0.427
0.000 0.416 0.231 0.253 0.417 0.279 0.207 0.368 0.160 0.426 0.427
0.000 0.416 0.231 0.253 0.417 0.279 0.207 0.368 0.160 0.450 0.427
0.000 0.416 0.231 0.253 0.417 0.279 0.207 0.368 0.160 0.450 0.427
0.000 0.416 0.231 0.253 0.417 0.279 0.207 0.368 0.160 0.465 0.427
0.000 0.416 0.231 0.253 0.417 0.279 0.207 0.368 0.161 0.465 0.427
0.000 0.416 0.231 0.253 0.417 0.279 0.207 0.368 0.161 0.474 0.427
0.000 0.416 0.231 0.253 0.417 0.279 0.207 0.368 0.161 0.486 0.427
0.000 0.416 0.231 0.260 0.417 0.279 0.210 0.368 0.167 0.486 0.427
0.000 0.416 0.231 0.260 0.417 0.279 0.210 0.368 0.167 0.486 0.427
0.000 0.416 0.237 0.262 0.417 0.279 0.139 0.368 0.170 0.486 0.437
0.000 0.416 0.237 0.262 0.417 0.279 0.139 0.368 0.170 0.486 0.437
0.000 0.416 0.237 0.071 0.417 0.085 0.063 0.373 0.061 0.495 0.443
0.000 0.416 0.237 0.071 0.417 0.085 0.063 0.373 0.061 0.495 0.443
0.000 0.416 0.237 0.071 0.417 0.085 0.063 0.373 0.061 0.495 0.443
0.000 0.442 0.237 0.071 0.417 0.085 0.063 0.373 0.061 0.495 0.443
0.000 0.442 0.237 0.071 0.547 0.085 0.063 0.373 0.061 0.495 0.443
0.000 0.460 0.237 0.071 0.562 0.085 0.063 0.373 0.061 0.495 0.443
0.000 0.486 0.237 0.071 0.562 0.085 0.063 0.373 0.061 0.495 0.443
0.000 0.486 0.237 0.071 0.562 0.085 0.063 0.383 0.077 0.495 0.443
0.000 0.486 0.237 0.087 0.562 0.085 0.063 0.383 0.077 0.495 0.443
0.000 0.486 0.237 0.087 0.562 0.085 0.095 0.383 0.077 0.495 0.443
0.000 0.486 0.237 0.087 0.593 0.105 0.095 0.383 0.077 0.495 0.443
0.000 0.486 0.237 0.110 0.593 0.105 0.095 0.383 0.077 0.501 0.443
0.000 0.486 0.237 0.110 0.593 0.105 0.111 0.383 0.077 0.501 0.443
0.000 0.486 0.183 0.110 0.593 0.105 0.128 0.383 0.077 0.501 0.445
0.000 0.486 0.183 0.110 0.593 0.105 0.128 0.383 0.077 0.504 0.460
0.000 0.486 0.183 0.110 0.593 0.105 0.128 0.388 0.077 0.504 0.460
0.000 0.486 0.196 0.122 0.593 0.105 0.128 0.388 0.077 0.504 0.460
0.000 0.486 0.196 0.122 0.593 0.105 0.139 0.388 0.077 0.504 0.460
0.000 0.486 0.209 0.122 0.593 0.105 0.139 0.388 0.093 0.504 0.460
0.000 0.486 0.209 0.134 0.593 0.105 0.139 0.397 0.093 0.504 0.460
0.000 0.486 0.209 0.134 0.593 0.105 0.139 0.397 0.093 0.510 0.460
0.000 0.486 0.227 0.134 0.593 0.105 0.139 0.397 0.093 0.510 0.460
0.000 0.486 0.227 0.134 0.593 0.105 0.139 0.397 0.093 0.510 0.259
0.000 0.486 0.227 0.134 0.593 0.105 0.139 0.411 0.093 0.510 0.259
0.000 0.486 0.227 0.134 0.593 0.105 0.139 0.425 0.093 0.510 0.259
0.000 0.486 0.227 0.134 0.593 0.105 0.144 0.425 0.093 0.510 0.259
0.000 0.486 0.230 0.137 0.597 0.108 0.147 0.427 0.093 0.512 0.259
0.000 0.504 0.230 0.137 0.597 0.108 0.147 0.427 0.093 0.512 0.259
0.000 0.504 0.230 0.137 0.608 0.108 0.147 0.427 0.093 0.512 0.259
0.000 0.504 0.230 0.137 0.608 0.108 0.155 0.427 0.093 0.512 0.259
0.000 0.504 0.230 0.137 0.619 0.108 0.155 0.427 0.093 0.512 0.259
0.000 0.504 0.230 0.137 0.619 0.108 0.155 0.427 0.093 0.512 0.259
0.000 0.504 0.230 0.137 0.619 0.108 0.155 0.427 0.115 0.512 0.259
0.000 0.504 0.230 0.153 0.619 0.108 0.155 0.427 0.115 0.512 0.259
0.000 0.504 0.230 0.153 0.619 0.108 0.155 0.427 0.115 0.358 0.259
0.000 0.504 0.230 0.153 0.619 0.108 0.155 0.245 0.115 0.358 0.259
0.000 0.504 0.230 0.153 0.619 0.108 0.155 0.245 0.115 0.394 0.259
0.000 0.504 0.191 0.153 0.619 0.108 0.155 0.245 0.115 0.394 0.259
0.000 0.504 0.191 0.153 0.619 0.108 0.155 0.245 0.115 0.394 0.259
0.000 0.504 0.191 0.153 0.619 0.108 0.155 0.259 0.115 0.394 0.460
0.000 0.504 0.191 0.153 0.619 0.108 0.178 0.269 0.115 0.394 0.460
0.000 0.504 0.191 0.153 0.619 0.108 0.178 0.269 0.115 0.394 0.290
0.000 0.504 0.191 0.153 0.619 0.108 0.178 0.269 0.115 0.394 0.321
0.000 0.504 0.209 0.153 0.619 0.108 0.178 0.269 0.115 0.394 0.321
0.000 0.504 0.227 0.153 0.619 0.108 0.178 0.269 0.115 0.394 0.321
0.000 0.504 0.227 0.153 0.619 0.108 0.179 0.269 0.131 0.394 0.321
0.000 0.524 0.227 0.153 0.619 0.108 0.179 0.269 0.131 0.394 0.321
0.000 0.524 0.227 0.186 0.619 0.108 0.179 0.269 0.131 0.394 0.321
0.000 0.524 0.227 0.186 0.641 0.108 0.179 0.269 0.131 0.394 0.321
0.000 0.524 0.227 0.186 0.641 0.137 0.179 0.269 0.131 0.394 0.321
0.000 0.524 0.227 0.186 0.672 0.147 0.179 0.269 0.131 0.394 0.321
0.000 0.524 0.227 0.186 0.672 0.147 0.179 0.269 0.131 0.394 0.290
0.000 0.530 0.227 0.186 0.672 0.155 0.179 0.238 0.131 0.394 0.290
0.000 0.530 0.227 0.186 0.672 0.169 0.179 0.238 0.131 0.394 0.290
0.000 0.538 0.227 0.186 0.673 0.169 0.179 0.238 0.131 0.394 0.290
0.000 0.538 0.191 0.186 0.673 0.169 0.179 0.238 0.131 0.394 0.290
0.000 0.538 0.191 0.186 0.673 0.169 0.179 0.252 0.131 0.394 0.290
0.000 0.538 0.191 0.186 0.673 0.169 0.179 0.252 0.131 0.394 0.290
0.000 0.538 0.191 0.186 0.673 0.183 0.179 0.252 0.131 0.394 0.290
0.000 0.538 0.191 0.186 0.673 0.193 0.179 0.269 0.131 0.394 0.290
0.000 0.538 0.191 0.186 0.673 0.193 0.179 0.269 0.131 0.406 0.290
0.000 0.538 0.191 0.189 0.673 0.193 0.179 0.269 0.131 0.406 0.290
0.000 0.538 0.191 0.189 0.673 0.193 0.179 0.269 0.131 0.430 0.290
0.000 0.538 0.191 0.189 0.673 0.193 0.179 0.269 0.131 0.503 0.290
0.000 0.538 0.191 0.189 0.673 0.193 0.179 0.269 0.131 0.503 0.321
0.000 0.538 0.191 0.189 0.673 0.193 0.179 0.282 0.131 0.503 0.321
0.000 0.538 0.191 0.189 0.673 0.193 0.179 0.282 0.131 0.503 0.352
0.000 0.538 0.191 0.189 0.673 0.193 0.179 0.282 0.131 0.321 0.352
0.000 0.538 0.191 0.189 0.673 0.193 0.179 0.282 0.131 0.345 0.352
0.000 0.538 0.191 0.189 0.673 0.193 0.189 0.282 0.131 0.345 0.352
0.000 0.538 0.191 0.189 0.673 0.213 0.189 0.282 0.147 0.345 0.352
0.000 0.538 0.191 0.202 0.673 0.213 0.189 0.282 0.147 0.345 0.352
0.000 0.545 0.191 0.202 0.673 0.223 0.189 0.282 0.147 0.345 0.352
0.000 0.545 0.191 0.202 0.673 0.237 0.189 0.282 0.147 0.345 0.352
0.000 0.545 0.191 0.202 0.673 0.237 0.189 0.282 0.147 0.345 0.352
0.000 0.545 0.204 0.202 0.673 0.237 0.189 0.282 0.147 0.345 0.352
0.000 0.545 0.187 0.206 0.673 0.252 0.195 0.282 0.153 0.348 0.352
0.000 0.545 0.187 0.206 0.673 0.266 0.195 0.282 0.153 0.348 0.352
0.000 0.545 0.204 0.206 0.673 0.274 0.195 0.282 0.160 0.348 0.352
0.000 0.545 0.204 0.206 0.673 0.274 0.195 0.282 0.160 0.360 0.352
0.000 0.556 0.204 0.206 0.673 0.274 0.195 0.282 0.170 0.360 0.352
0.000 0.556 0.204 0.206 0.673 0.274 0.195 0.282 0.173 0.360 0.352
0.000 0.556 0.204 0.206 0.673 0.274 0.201 0.282 0.174 0.360 0.352
0.000 0.556 0.207 0.206 0.673 0.274 0.201 0.282 0.174 0.360 0.352
0.000 0.556 0.207 0.206 0.673 0.279 0.201 0.231 0.174 0.360 0.352
0.000 0.556 0.207 0.222 0.673 0.279 0.201 0.231 0.174 0.360 0.352
0.000 0.556 0.214 0.146 0.673 0.284 0.129 0.234 0.176 0.360 0.352
0.000 0.556 0.214 0.146 0.673 0.284 0.140 0.244 0.176 0.360 0.352
0.000 0.556 0.214 0.146 0.673 0.284 0.140 0.282 0.176 0.360 0.352
0.000 0.556 0.214 0.146 0.673 0.284 0.140 0.282 0.176 0.360 0.352
0.000 0.556 0.214 0.146 0.673 0.284 0.140 0.283 0.176 0.360 0.352
0.000 0.556 0.214 0.146 0.673 0.284 0.140 0.245 0.176 0.360 0.352
0.000 0.556 0.214 0.146 0.673 0.288 0.140 0.245 0.176 0.360 0.352
0.000 0.556 0.214 0.146 0.673 0.288 0.156 0.245 0.176 0.360 0.352
0.000 0.556 0.214 0.146 0.673 0.288 0.156 0.273 0.176 0.360 0.352
0.000 0.556 0.214 0.146 0.673 0.288 0.156 0.273 0.176 0.369 0.352
0.000 0.556 0.214 0.146 0.673 0.288 0.172 0.273 0.176 0.369 0.352
0.000 0.556 0.214 0.146 0.673 0.288 0.172 0.283 0.177 0.369 0.352
0.000 0.566 0.214 0.146 0.673 0.288 0.172 0.283 0.177 0.369 0.352
0.000 0.566 0.227 0.146 0.673 0.288 0.172 0.283 0.177 0.369 0.352
0.000 0.566 0.227 0.146 0.673 0.298 0.172 0.283 0.177 0.369 0.352
0.000 0.581 0.230 0.146 0.673 0.298 0.172 0.283 0.177 0.369 0.352
0.000 0.581 0.230 0.158 0.673 0.298 0.172 0.283 0.177 0.386 0.352
0.000 0.581 0.232 0.169 0.673 0.298 0.172 0.292 0.177 0.390 0.362
0.000 0.581 0.232 0.169 0.673 0.298 0.172 0.292 0.177 0.390 0.393
0.000 0.581 0.232 0.185 0.673 0.298 0.172 0.292 0.177 0.390 0.393
0.000 0.581 0.232 0.185 0.673 0.298 0.172 0.292 0.177 0.390 0.393
0.000 0.581 0.232 0.197 0.673 0.298 0.173 0.292 0.177 0.390 0.393
0.000 0.581 0.232 0.213 0.673 0.298 0.173 0.292 0.177 0.390 0.393
0.000 0.581 0.236 0.213 0.673 0.298 0.173 0.292 0.177 0.390 0.393
0.000 0.581 0.237 0.220 0.673 0.298 0.173 0.293 0.177 0.390 0.393
0.000 0.581 0.237 0.220 0.673 0.298 0.182 0.296 0.177 0.397 0.393
0.000 0.581 0.237 0.220 0.673 0.298 0.182 0.296 0.177 0.397 0.393
0.000 0.581 0.237 0.220 0.673 0.302 0.182 0.296 0.177 0.397 0.393
Query
0.000 0.000 0.000 0.000 0.000 0.000 0.000 0.000 0.000 0.000 0.000 0.000 0.000 0.000 0.000 0.000 0.000 0.000 0.000 0.000 0.000 0.000 0.000 0.000 0.000 0.000 0.000 0.000 0.000 0.000 0.000 0.000 0.000 0.000 0.000 0.000 0.000 0.000 0.000 0.000 0.000 0.000 0.000 0.000 0.000 0.000 0.000 0.000 0.000 0.000 0.000 0.000 0.000 0.000 0.000 0.000 0.000 0.000 0.000 0.000 0.000 0.000 0.000 0.000 0.000 0.000 0.000 0.000 0.000 0.000 0.000 0.000 0.000 0.000 0.000 0.000 0.000 0.000 0.000 0.326 0.000 0.000 0.000 0.000 0.000 0.000 0.000 0.000 0.000 0.000 0.000 0.000 0.000 0.000 0.000 0.000 0.000 0.000 0.000 0.000 0.000 0.000 0.000 0.000 0.000 0.000 0.000 0.000 0.000 0.000 0.000 0.000 0.000 0.000 0.000 0.000 0.000 0.000 0.000 0.000 0.000 0.000 0.000 0.000 0.000 0.000 0.000 0.000 0.000 0.000 0.000 0.000 0.000 0.000 0.000 0.000 0.000 0.000 0.000 0.000 0.000 0.000 0.000 0.000 0.000 0.000 0.000 0.000 0.000 0.000 0.000 0.000 0.000 0.000 0.000 0.000 0.000 0.000 0.000 0.000 0.000 0.000 0.000 0.000 0.000 0.000 0.000 0.000 0.000 0.000 0.000 0.000 0.000 0.000 0.000 0.000 0.000 0.000 0.000 0.000 0.000 0.000 0.000 0.000 0.000 0.000 0.000 0.000 0.000 0.000 0.000 0.000 0.000 0.000 0.000 0.000 0.000 0.000 0.000 0.000 0.000 0.000 0.000 0.000 0.000 0.000 0.000 0.000 0.000 0.000 0.000 0.000 0.000 0.000 0.000 0.000 0.000 0.000 0.000 0.000 0.000 0.000 0.000 0.000 0.000 0.000 0.000 0.000 0.000 0.000 0.000 0.000 0.000 0.000 0.000 0.000 0.000 0.000 0.000 0.000 0.000 0.000 0.000 0.000 0.000 0.000 0.000 0.000 0.000 0.000 0.000 0.000 0.000 0.000 0.000 0.000 0.000 0.000 0.000 0.000 0.000 0.000 0.000 0.000 0.000 0.000 0.000 0.000 0.000 0.000 0.000 0.000 0.000 0.000 0.000 0.000 0.000 0.000 0.000 0.000 0.000 0.000 0.000 0.000 0.000 0.000 0.000 0.000 0.000 0.000 0.000 0.000 0.000 0.000 0.000 0.000 0.000 0.000 0.000 0.000 0.000 0.000 0.000 0.000 0.000 0.000 0.000 0.000 0.000 0.000 0.000 0.000 0.000 0.000 0.000 0.000 0.000 0.000 0.000 0.000 0.000 0.000 0.000 0.000 0.000 0.000 0.000 0.000 0.000 0.000 0.000 0.000 0.000 0.000 0.000 0.000 0.000 0.000 0.000 0.000 0.000 0.000 0.000 0.000 0.000 0.000 0.000 0.000 0.000 0.000 0.000 0.000 0.000 0.000 0.000 0.000 0.000 0.000 0.000 0.000 0.000 0.000 0.437 0.000 0.000 0.000 0.000 0.000 0.000 0.000 0.000 0.000 0.000 0.000 0.000 0.000 0.000 0.000 0.000 0.000 0.000 0.000 0.000 0.000 0.000 0.000 0.000 0.000 0.000 0.000 0.000 0.000 0.000 0.000 0.000 0.000 0.000 0.000 0.000 0.000
Матрица U
-0.001 0.005 -0.005 0.004 -0.002 0.001 -0.003 0.001 0.001 0.003 1.000
-0.001 0.004 -0.003 0.006 0.001 -0.009 0.003 0.006 -0.002 0.008 -0.000
-0.001 0.007 0.002 -0.004 0.007 -0.005 0.007 -0.005 0.002 0.004 0.000
-0.001 0.007 0.002 -0.004 0.007 -0.005 0.007 -0.005 0.002 0.004 0.000
-0.001 0.000 0.009 -0.007 -0.006 -0.008 0.007 -0.031 -0.004 0.007 0.000
-0.002 -0.001 0.010 -0.007 -0.011 0.007 0.020 -0.009 -0.044 -0.015 0.000
-0.002 -0.001 0.010 -0.007 -0.011 0.007 0.020 -0.009 -0.044 -0.015 0.000
-0.002 0.002 0.015 -0.016 -0.005 0.012 0.024 -0.020 -0.040 -0.019 0.000
-0.003 0.001 0.019 -0.013 0.002 -0.009 0.036 -0.010 -0.047 -0.010 0.000
-0.003 0.000 0.020 -0.011 0.005 -0.019 0.042 -0.005 -0.051 -0.005 0.000
-0.003 0.008 0.013 -0.008 0.018 -0.016 0.042 0.020 -0.046 -0.007 0.000
-0.003 0.006 0.010 -0.013 0.016 -0.022 0.034 0.029 -0.046 -0.009 0.000
-0.006 -0.029 -0.032 -0.009 0.140 0.027 0.100 -0.179 -0.061 -0.148 0.001
-0.010 -0.055 0.008 0.030 0.214 0.137 -0.157 -0.054 0.049 -0.033 0.000
-0.010 -0.058 0.005 0.030 0.223 0.140 -0.152 -0.069 0.048 -0.043 0.000
-0.006 -0.023 0.010 0.008 0.108 0.053 -0.059 -0.006 0.000 -0.018 0.000
-0.007 -0.019 0.015 -0.002 0.115 0.058 -0.055 -0.018 0.004 -0.021 0.000
-0.007 -0.021 0.013 -0.007 0.113 0.052 -0.063 -0.009 0.004 -0.023 0.000
-0.008 -0.024 0.016 -0.005 0.092 0.050 -0.067 -0.043 -0.002 -0.015 0.000
-0.008 -0.020 0.011 -0.001 0.089 0.051 -0.071 -0.042 -0.000 -0.012 0.000
-0.010 -0.014 0.008 0.001 0.089 0.059 -0.076 -0.037 0.009 -0.028 0.000
-0.010 -0.014 0.008 0.001 0.089 0.059 -0.076 -0.037 0.009 -0.028 0.000
-0.010 -0.014 0.008 0.001 0.089 0.059 -0.076 -0.037 0.009 -0.028 0.000
-0.010 -0.015 0.010 0.004 0.093 0.044 -0.067 -0.030 0.004 -0.021 0.000
-0.010 -0.016 0.010 0.003 0.090 0.052 -0.050 -0.020 0.035 0.012 0.000
-0.011 -0.018 0.013 0.007 0.088 0.042 -0.032 0.004 0.042 -0.050 0.000
-0.011 -0.021 0.010 0.007 0.097 0.046 -0.028 -0.011 0.040 -0.060 0.000
-0.012 -0.025 0.013 0.009 0.076 0.044 -0.032 -0.045 0.035 -0.052 0.000
-0.012 -0.028 0.016 0.010 0.055 0.042 -0.036 -0.080 0.030 -0.045 0.000
-0.012 -0.029 0.016 0.010 0.054 0.047 -0.032 -0.073 0.008 -0.039 0.000
-0.012 -0.030 0.015 0.009 0.050 0.055 -0.015 -0.063 0.039 -0.006 0.000
-0.011 -0.046 -0.005 0.039 0.022 0.056 0.006 -0.002 0.090 0.073 -0.000
-0.011 -0.048 -0.008 0.034 0.020 0.050 -0.002 0.007 0.089 0.072 -0.000
-0.011 -0.049 -0.006 0.036 0.023 0.040 0.004 0.012 0.086 0.076 -0.000
-0.011 -0.049 -0.004 0.038 0.027 0.029 0.011 0.017 0.082 0.080 -0.000
-0.012 -0.050 -0.004 0.037 0.025 0.038 0.016 0.026 0.050 0.089 -0.000
-0.013 -0.070 -0.026 0.041 0.095 0.054 0.058 -0.081 0.038 0.019 0.000
-0.014 -0.073 -0.023 0.043 0.074 0.052 0.054 -0.115 0.033 0.026 0.000
-0.014 -0.074 -0.021 0.045 0.078 0.042 0.060 -0.110 0.029 0.031 0.000
-0.014 -0.077 -0.027 0.034 0.074 0.030 0.044 -0.092 0.028 0.027 0.000
-0.015 -0.074 -0.021 0.025 0.080 0.034 0.048 -0.104 0.032 0.024 0.000
-0.015 -0.075 -0.022 0.023 0.076 0.042 0.065 -0.093 0.064 0.057 0.000
-0.015 -0.079 -0.028 0.013 0.072 0.029 0.050 -0.075 0.063 0.053 0.000
-0.016 -0.080 -0.026 0.015 0.076 0.035 0.036 -0.068 0.069 0.059 0.000
-0.016 -0.081 -0.024 0.016 0.072 0.039 0.042 -0.057 0.077 0.012 0.000
-0.016 -0.084 -0.030 0.005 0.068 0.027 0.027 -0.039 0.076 0.008 0.000
-0.016 -0.081 -0.027 0.005 0.059 0.024 0.022 -0.024 0.077 0.018 0.000
-0.016 -0.082 -0.026 0.006 0.055 0.027 0.028 -0.012 0.085 -0.029 0.000
-0.016 -0.085 -0.027 0.008 0.064 0.022 0.037 -0.020 0.082 -0.033 0.000
-0.017 -0.085 -0.026 0.009 0.060 0.026 0.043 -0.008 0.089 -0.080 0.001
-0.017 -0.085 -0.026 0.009 0.060 0.026 0.043 -0.008 0.089 -0.080 0.001
-0.017 -0.086 -0.024 0.011 0.063 0.016 0.049 -0.003 0.086 -0.076 0.001
-0.018 -0.085 -0.025 0.015 0.046 0.015 0.044 -0.027 0.083 -0.068 0.001
-0.018 -0.089 -0.022 0.016 0.025 0.013 0.039 -0.061 0.078 -0.061 0.001
-0.019 -0.086 -0.017 0.007 0.032 0.017 0.043 -0.072 0.082 -0.064 0.001
-0.020 -0.085 -0.018 0.011 0.015 0.016 0.038 -0.096 0.079 -0.056 0.001
-0.020 -0.087 -0.019 0.009 0.011 0.024 0.055 -0.086 0.110 -0.023 0.000
-0.020 -0.083 -0.015 0.005 -0.008 0.013 0.040 -0.048 0.112 -0.004 0.000
-0.020 -0.084 -0.018 0.000 -0.010 0.007 0.033 -0.040 0.112 -0.006 0.000
-0.021 -0.086 -0.013 0.006 -0.001 -0.024 0.051 -0.025 0.101 0.008 0.000
-0.021 -0.088 -0.013 0.004 0.000 -0.036 0.050 -0.014 0.098 0.010 0.000
-0.021 -0.088 -0.012 0.005 0.003 -0.047 0.056 -0.009 0.094 0.014 0.000
-0.021 -0.089 -0.012 0.005 0.002 -0.038 0.062 0.000 0.062 0.023 0.000
-0.021 -0.091 -0.013 0.004 -0.001 -0.030 0.079 0.010 0.093 0.056 0.000
-0.022 -0.092 -0.013 0.004 -0.005 -0.027 0.081 0.014 0.095 0.057 0.000
-0.022 -0.093 -0.012 0.004 -0.004 -0.014 0.081 0.028 0.065 0.070 0.000
-0.022 -0.094 -0.011 0.005 -0.001 -0.010 0.071 0.033 0.070 0.075 0.000
-0.022 -0.097 -0.012 0.002 -0.007 -0.007 0.079 0.049 0.089 0.064 0.000
-0.022 -0.097 -0.011 0.003 -0.009 -0.005 0.082 0.055 0.093 0.040 0.000
-0.023 -0.103 -0.008 0.005 -0.041 -0.004 0.086 0.013 0.104 0.071 0.000
-0.024 -0.106 -0.008 0.005 -0.035 0.001 0.098 0.017 0.068 0.077 0.000
-0.024 -0.107 -0.006 0.007 -0.031 0.007 0.084 0.024 0.073 0.083 0.000
-0.024 -0.109 -0.009 0.002 -0.033 0.001 0.077 0.033 0.073 0.081 0.000
-0.024 -0.111 -0.013 -0.006 -0.037 -0.001 0.070 0.052 0.051 0.084 0.000
-0.025 -0.110 -0.011 -0.016 -0.034 -0.003 0.067 0.050 0.053 0.081 0.000
-0.025 -0.111 -0.009 -0.014 -0.031 -0.013 0.073 0.055 0.050 0.085 0.000
-0.025 -0.111 -0.008 -0.012 -0.028 -0.023 0.080 0.060 0.046 0.090 0.000
-0.026 -0.114 -0.004 -0.009 -0.032 -0.039 0.086 0.053 0.039 0.099 0.000
-0.026 -0.115 -0.007 -0.014 -0.034 -0.045 0.079 0.062 0.038 0.097 0.000
-0.026 -0.110 -0.003 -0.009 -0.024 -0.076 0.009 0.016 -0.082 -0.057 0.001
-0.026 -0.110 -0.003 -0.009 -0.024 -0.076 0.009 0.016 -0.082 -0.057 0.001
-0.026 -0.110 -0.003 -0.009 -0.024 -0.076 0.009 0.016 -0.082 -0.057 0.001
-0.026 -0.110 -0.004 -0.010 -0.024 -0.075 0.008 0.015 -0.083 -0.059 0.001
-0.027 -0.106 0.002 -0.020 -0.017 -0.071 0.012 0.004 -0.079 -0.063 0.001
-0.027 -0.102 -0.003 -0.015 -0.020 -0.070 0.009 0.005 -0.078 -0.060 0.001
-0.028 -0.106 -0.009 -0.022 -0.019 -0.070 0.013 0.012 -0.062 -0.049 0.001
-0.028 -0.107 -0.007 -0.020 -0.016 -0.080 0.019 0.017 -0.066 -0.045 0.001
-0.029 -0.102 -0.012 -0.016 -0.018 -0.079 0.015 0.019 -0.064 -0.042 0.001
-0.029 -0.104 -0.013 -0.015 -0.013 -0.076 0.015 0.012 -0.063 -0.048 0.001
-0.029 -0.104 -0.013 -0.015 -0.013 -0.076 0.015 0.012 -0.063 -0.048 0.001
-0.029 -0.104 -0.013 -0.015 -0.013 -0.076 0.015 0.012 -0.063 -0.048 0.001
-0.029 -0.104 -0.013 -0.015 -0.013 -0.076 0.015 0.012 -0.063 -0.048 0.001
-0.029 -0.105 -0.014 -0.015 -0.010 -0.075 0.017 0.008 -0.063 -0.051 0.001
-0.043 -0.014 -0.115 0.070 -0.061 -0.047 -0.047 0.040 -0.031 -0.010 -0.001
-0.043 -0.016 -0.116 0.067 -0.062 -0.049 -0.056 0.048 -0.030 -0.010 -0.001
-0.043 -0.020 -0.116 0.069 -0.066 -0.054 -0.052 0.024 -0.035 -0.009 -0.001
-0.043 -0.020 -0.116 0.069 -0.066 -0.054 -0.052 0.025 -0.037 -0.008 -0.001
-0.044 -0.020 -0.120 0.069 -0.068 -0.052 -0.049 0.030 -0.024 0.004 -0.001
-0.044 -0.021 -0.118 0.071 -0.064 -0.057 -0.050 0.037 -0.024 0.010 -0.001
-0.044 -0.021 -0.118 0.070 -0.065 -0.052 -0.046 0.043 -0.044 0.015 -0.001
-0.045 -0.014 -0.107 0.052 -0.053 -0.044 -0.038 0.020 -0.037 0.009 -0.001
-0.046 -0.016 -0.107 0.051 -0.050 -0.058 -0.036 0.030 -0.041 0.013 -0.001
-0.048 -0.002 -0.085 0.012 -0.026 -0.041 -0.020 -0.016 -0.026 -0.000 -0.001
-0.048 -0.002 -0.085 0.012 -0.026 -0.041 -0.020 -0.016 -0.026 -0.000 -0.001
-0.048 0.002 -0.080 0.003 -0.020 -0.037 -0.016 -0.027 -0.022 -0.004 -0.000
-0.049 0.002 -0.079 -0.003 -0.018 -0.033 -0.014 -0.022 -0.006 0.010 -0.000
-0.049 0.001 -0.078 -0.003 -0.020 -0.030 -0.013 -0.016 -0.001 -0.013 -0.000
-0.049 0.001 -0.078 -0.002 -0.021 -0.029 -0.012 -0.013 0.001 -0.024 -0.000
-0.049 0.001 -0.078 -0.003 -0.021 -0.026 -0.009 -0.009 -0.011 -0.020 -0.000
-0.049 -0.000 -0.076 -0.001 -0.019 -0.022 -0.017 -0.006 -0.008 -0.017 -0.000
-0.050 0.004 -0.071 -0.011 -0.013 -0.018 -0.013 -0.017 -0.004 -0.020 -0.000
-0.050 0.003 -0.070 -0.010 -0.016 -0.015 -0.008 -0.008 0.002 -0.057 -0.000
-0.050 0.002 -0.068 -0.008 -0.013 -0.026 -0.002 -0.003 -0.002 -0.052 -0.000
-0.050 0.002 -0.067 -0.006 -0.010 -0.036 0.004 0.002 -0.005 -0.048 -0.000
-0.050 0.002 -0.067 -0.006 -0.009 -0.037 0.004 0.002 -0.005 -0.048 -0.000
-0.051 0.000 -0.067 -0.008 -0.008 -0.037 -0.005 0.009 -0.003 -0.046 -0.000
-0.051 0.000 -0.067 -0.008 -0.009 -0.037 -0.006 0.010 -0.003 -0.046 -0.000
-0.051 -0.000 -0.067 -0.008 -0.010 -0.037 -0.005 0.013 -0.001 -0.057 -0.000
-0.051 -0.000 -0.067 -0.008 -0.010 -0.036 -0.004 0.013 -0.001 -0.059 -0.000
-0.051 0.004 -0.062 -0.018 -0.004 -0.032 -0.000 0.002 0.003 -0.062 -0.000
-0.051 0.002 -0.064 -0.022 -0.005 -0.037 -0.007 0.009 0.003 -0.064 -0.000
-0.052 0.008 -0.064 -0.026 -0.003 -0.033 -0.006 0.002 0.007 -0.064 -0.000
-0.052 0.006 -0.066 -0.031 -0.005 -0.039 -0.014 0.011 0.006 -0.066 -0.000
-0.052 0.006 -0.066 -0.031 -0.005 -0.039 -0.014 0.011 0.006 -0.066 -0.000
-0.052 0.006 -0.066 -0.031 -0.005 -0.039 -0.014 0.011 0.006 -0.066 -0.000
-0.052 0.006 -0.067 -0.031 -0.002 -0.038 -0.012 0.007 0.006 -0.068 -0.000
-0.053 0.005 -0.066 -0.030 -0.006 -0.035 -0.006 0.018 0.013 -0.113 0.000
-0.053 0.005 -0.066 -0.030 -0.006 -0.035 -0.006 0.018 0.013 -0.113 0.000
-0.053 0.005 -0.067 -0.031 -0.007 -0.036 -0.008 0.020 0.013 -0.113 0.000
-0.053 0.004 -0.066 -0.031 -0.008 -0.030 -0.004 0.026 -0.007 -0.108 0.000
-0.053 0.003 -0.069 -0.035 -0.009 -0.035 -0.010 0.033 -0.007 -0.110 0.000
-0.053 -0.000 -0.069 -0.034 -0.005 -0.039 -0.004 0.017 -0.011 -0.113 0.000
-0.053 -0.001 -0.070 -0.035 -0.006 -0.040 -0.006 0.019 -0.011 -0.113 0.000
-0.053 -0.001 -0.070 -0.035 -0.006 -0.040 -0.007 0.019 -0.011 -0.113 0.000
-0.054 0.008 -0.071 -0.040 0.010 -0.034 -0.003 0.030 -0.003 -0.117 0.000
-0.054 0.008 -0.070 -0.040 0.011 -0.037 -0.001 0.032 -0.004 -0.116 0.000
-0.054 0.007 -0.068 -0.038 0.015 -0.031 -0.015 0.039 0.002 -0.110 0.000
-0.054 0.008 -0.071 -0.040 0.029 -0.045 -0.031 0.007 -0.038 0.050 -0.000
-0.054 0.007 -0.069 -0.038 0.033 -0.040 -0.044 0.013 -0.032 0.056 -0.000
-0.054 0.006 -0.067 -0.036 0.037 -0.034 -0.058 0.020 -0.026 0.062 -0.000
-0.055 0.009 -0.062 -0.046 0.043 -0.029 -0.054 0.008 -0.022 0.059 -0.000
-0.057 0.024 -0.040 -0.084 0.068 -0.012 -0.038 -0.038 -0.007 0.046 -0.000
-0.057 0.024 -0.040 -0.091 0.069 -0.014 -0.041 -0.037 -0.006 0.044 -0.000
-0.058 0.023 -0.038 -0.089 0.072 -0.024 -0.035 -0.032 -0.009 0.048 0.000
-0.058 0.023 -0.038 -0.089 0.072 -0.024 -0.035 -0.032 -0.009 0.048 0.000
-0.058 0.023 -0.038 -0.089 0.072 -0.024 -0.035 -0.032 -0.009 0.048 0.000
-0.059 0.032 -0.048 -0.080 0.067 -0.022 -0.041 -0.030 -0.007 0.054 -0.000
-0.059 0.032 -0.047 -0.078 0.070 -0.032 -0.035 -0.025 -0.010 0.059 -0.000
-0.059 0.035 -0.045 -0.074 0.079 -0.073 -0.081 -0.070 0.037 -0.028 0.000
-0.059 0.034 -0.043 -0.074 0.069 -0.074 -0.083 -0.087 0.034 -0.025 0.000
-0.059 0.033 -0.043 -0.074 0.067 -0.065 -0.077 -0.077 0.002 -0.016 0.000
-0.059 0.031 -0.044 -0.075 0.064 -0.057 -0.060 -0.067 0.034 0.017 -0.000
-0.060 0.030 -0.042 -0.073 0.068 -0.051 -0.074 -0.060 0.040 0.023 -0.000
-0.060 0.028 -0.037 -0.068 0.077 -0.083 -0.056 -0.045 0.029 0.037 -0.000
-0.060 0.027 -0.037 -0.068 0.076 -0.074 -0.050 -0.036 -0.003 0.045 -0.000
-0.060 0.027 -0.037 -0.068 0.077 -0.072 -0.054 -0.034 -0.002 0.047 -0.000
-0.061 0.026 -0.036 -0.067 0.079 -0.070 -0.062 -0.030 0.001 0.050 -0.000
-0.061 0.025 -0.037 -0.068 0.077 -0.065 -0.051 -0.023 0.021 0.071 -0.000
-0.061 0.025 -0.037 -0.068 0.077 -0.065 -0.051 -0.023 0.021 0.071 -0.000
-0.061 0.026 -0.035 -0.070 0.078 -0.064 -0.050 -0.025 0.022 0.070 -0.000
-0.061 0.025 -0.037 -0.072 0.077 -0.067 -0.054 -0.021 0.022 0.069 -0.000
-0.061 0.024 -0.036 -0.072 0.073 -0.061 -0.043 -0.009 0.039 0.047 -0.000
-0.061 0.025 -0.041 -0.077 0.066 -0.072 -0.028 -0.014 0.031 0.038 -0.000
-0.061 0.025 -0.041 -0.077 0.066 -0.072 -0.028 -0.014 0.031 0.038 -0.000
-0.061 0.025 -0.041 -0.077 0.066 -0.072 -0.028 -0.014 0.031 0.038 -0.000
-0.061 0.023 -0.038 -0.075 0.070 -0.066 -0.042 -0.007 0.037 0.044 -0.000
-0.061 0.023 -0.039 -0.076 0.070 -0.068 -0.043 -0.005 0.037 0.044 -0.000
-0.061 0.023 -0.039 -0.076 0.070 -0.068 -0.043 -0.005 0.037 0.044 -0.000
-0.053 0.017 -0.046 0.097 0.050 -0.032 0.000 -0.055 -0.060 0.034 -0.001
-0.053 0.017 -0.045 0.098 0.046 -0.028 0.007 -0.044 -0.052 -0.013 -0.000
-0.053 0.014 -0.044 0.099 0.041 -0.021 0.004 -0.050 -0.070 -0.005 -0.000
-0.054 0.016 -0.040 0.093 0.047 -0.017 0.004 -0.057 -0.066 -0.006 -0.000
-0.054 0.015 -0.039 0.092 0.042 -0.006 0.020 -0.040 -0.061 -0.010 -0.000
-0.054 0.015 -0.039 0.092 0.042 -0.006 0.020 -0.040 -0.061 -0.010 -0.000
-0.054 0.013 -0.038 0.094 0.041 -0.001 0.018 -0.028 -0.052 -0.041 -0.000
-0.054 0.012 -0.038 0.093 0.038 0.005 0.029 -0.021 -0.031 -0.019 -0.000
-0.055 0.010 -0.039 0.091 0.034 0.001 0.020 -0.020 -0.031 -0.017 -0.000
-0.055 0.010 -0.039 0.091 0.033 0.002 0.021 -0.019 -0.030 -0.022 -0.000
-0.055 0.010 -0.039 0.091 0.033 0.002 0.022 -0.018 -0.028 -0.021 -0.000
-0.055 0.010 -0.039 0.091 0.033 0.002 0.022 -0.018 -0.028 -0.024 -0.000
-0.055 0.009 -0.040 0.090 0.030 0.009 0.036 -0.009 -0.002 0.004 -0.000
-0.055 0.010 -0.042 0.091 0.029 0.009 0.035 -0.009 -0.002 0.005 -0.001
-0.055 0.010 -0.042 0.091 0.029 0.009 0.035 -0.009 -0.002 0.005 -0.001
-0.056 0.013 -0.045 0.094 0.027 0.010 0.033 -0.008 -0.001 0.007 -0.001
-0.056 0.013 -0.045 0.094 0.027 0.010 0.033 -0.007 -0.003 0.007 -0.001
-0.056 0.013 -0.045 0.094 0.027 0.010 0.033 -0.007 -0.003 0.007 -0.001
-0.056 0.011 -0.043 0.095 0.017 0.009 0.031 -0.024 -0.005 0.011 -0.001
-0.056 0.011 -0.042 0.097 0.020 -0.001 0.037 -0.019 -0.009 0.015 -0.001
-0.056 0.009 -0.044 0.093 0.018 -0.004 0.034 -0.011 -0.005 0.019 -0.001
-0.057 0.013 -0.043 0.089 0.020 0.001 0.040 -0.014 0.006 0.027 -0.001
-0.057 0.013 -0.043 0.089 0.020 0.001 0.040 -0.014 0.006 0.027 -0.001
-0.057 0.010 -0.043 0.088 0.010 -0.005 0.042 -0.020 0.011 0.041 -0.001
-0.057 0.009 -0.042 0.089 0.012 -0.002 0.035 -0.017 0.014 0.044 -0.001
-0.058 0.008 -0.040 0.090 0.014 0.001 0.028 -0.013 0.017 0.047 -0.001
-0.058 0.008 -0.039 0.092 0.018 -0.009 0.034 -0.008 0.013 0.051 -0.001
-0.058 0.007 -0.039 0.092 0.017 -0.009 0.035 -0.006 0.014 0.043 -0.001
-0.058 0.007 -0.038 0.093 0.014 -0.006 0.039 0.001 0.020 0.012 -0.001
-0.058 0.006 -0.039 0.093 0.018 -0.005 0.041 -0.004 0.019 0.008 -0.001
-0.058 0.007 -0.040 0.093 0.017 -0.005 0.040 -0.004 0.019 0.009 -0.001
-0.058 0.006 -0.040 0.093 0.016 0.003 0.046 0.005 -0.010 0.017 -0.001
-0.058 0.006 -0.039 0.093 0.014 0.003 0.045 0.002 -0.011 0.017 -0.001
-0.058 0.003 -0.043 0.089 0.016 0.000 0.042 0.002 -0.012 0.012 -0.000
-0.058 0.003 -0.043 0.089 0.016 0.001 0.043 0.003 -0.010 0.014 -0.001
-0.059 0.002 -0.045 0.084 0.014 -0.005 0.035 0.011 -0.011 0.012 -0.001
-0.058 0.014 -0.029 0.084 -0.030 -0.020 0.004 0.091 -0.002 0.065 -0.001
-0.058 0.014 -0.029 0.084 -0.030 -0.020 0.004 0.091 -0.002 0.065 -0.001
-0.058 0.013 -0.025 0.088 -0.023 -0.041 0.016 0.101 -0.009 0.074 -0.001
-0.059 0.012 -0.024 0.090 -0.020 -0.051 0.022 0.106 -0.013 0.079 -0.001
-0.055 0.021 -0.045 0.065 -0.062 0.083 -0.056 0.040 0.035 0.021 -0.001
-0.056 0.017 -0.049 0.064 -0.051 0.094 -0.049 0.024 0.020 0.011 -0.001
-0.056 0.014 -0.046 0.066 -0.065 0.090 -0.051 0.001 0.015 0.017 -0.001
-0.056 0.014 -0.046 0.066 -0.066 0.091 -0.050 0.002 0.016 0.012 -0.001
-0.056 0.017 -0.043 0.066 -0.075 0.087 -0.055 0.018 0.017 0.022 -0.001
-0.056 0.014 -0.046 0.066 -0.066 0.091 -0.050 0.002 0.017 0.009 -0.001
-0.056 0.013 -0.049 0.061 -0.068 0.085 -0.057 0.011 0.016 0.007 -0.001
-0.056 0.012 -0.048 0.061 -0.067 0.086 -0.060 0.013 0.018 0.009 -0.001
-0.057 0.014 -0.050 0.064 -0.073 0.087 -0.062 0.009 0.019 0.004 -0.001
-0.057 0.018 -0.045 0.055 -0.067 0.092 -0.058 -0.003 0.023 0.001 -0.001
-0.057 0.020 -0.042 0.054 -0.077 0.088 -0.063 0.013 0.024 0.011 -0.001
-0.057 0.020 -0.041 0.055 -0.075 0.082 -0.059 0.016 0.022 0.014 -0.001
-0.058 0.021 -0.047 0.058 -0.070 0.085 -0.058 0.006 0.022 0.009 -0.001
-0.058 0.019 -0.047 0.057 -0.069 0.085 -0.069 0.014 0.025 0.011 -0.001
-0.059 0.022 -0.050 0.059 -0.072 0.087 -0.069 0.019 0.028 -0.006 -0.001
-0.059 0.020 -0.052 0.054 -0.074 0.081 -0.076 0.028 0.028 -0.008 -0.001
-0.059 0.019 -0.053 0.054 -0.071 0.082 -0.075 0.023 0.028 -0.011 -0.001
-0.059 0.019 -0.053 0.055 -0.072 0.083 -0.074 0.024 0.029 -0.016 -0.001
-0.059 0.019 -0.052 0.055 -0.070 0.085 -0.078 0.026 0.030 -0.014 -0.001
-0.047 -0.061 0.037 -0.020 -0.027 0.062 -0.019 0.004 0.005 -0.071 0.001
-0.047 -0.062 0.038 -0.019 -0.035 0.061 -0.021 -0.008 0.003 -0.068 0.001
-0.047 -0.062 0.038 -0.019 -0.036 0.064 -0.018 -0.004 -0.003 -0.074 0.001
-0.047 -0.063 0.040 -0.018 -0.033 0.068 -0.028 0.001 0.001 -0.069 0.000
-0.047 -0.064 0.040 -0.018 -0.034 0.075 -0.023 0.008 -0.025 -0.063 0.001
-0.047 -0.064 0.040 -0.018 -0.034 0.076 -0.022 0.010 -0.031 -0.061 0.001
-0.049 -0.055 0.030 -0.010 -0.039 0.079 -0.029 0.013 -0.028 -0.055 0.000
-0.049 -0.056 0.029 -0.010 -0.036 0.080 -0.027 0.007 -0.029 -0.058 0.000
-0.049 -0.058 0.031 -0.008 -0.032 0.086 -0.041 0.014 -0.023 -0.052 0.000
-0.049 -0.058 0.030 -0.008 -0.029 0.087 -0.040 0.009 -0.023 -0.055 0.000
-0.049 -0.059 0.029 -0.008 -0.026 0.088 -0.038 0.005 -0.023 -0.058 0.000
-0.049 -0.063 0.024 -0.018 -0.030 0.076 -0.054 0.023 -0.024 -0.062 0.000
-0.049 -0.063 0.024 -0.018 -0.030 0.076 -0.054 0.023 -0.024 -0.062 0.000
-0.049 -0.063 0.024 -0.018 -0.030 0.076 -0.054 0.023 -0.024 -0.062 0.000
-0.050 -0.064 0.025 -0.017 -0.031 0.075 -0.053 0.019 -0.031 -0.061 0.000
-0.050 -0.063 0.027 -0.021 -0.028 0.079 -0.051 0.016 -0.033 -0.060 0.000
-0.050 -0.063 0.027 -0.022 -0.029 0.077 -0.053 0.018 -0.033 -0.061 0.000
-0.050 -0.062 0.022 -0.028 -0.018 0.062 -0.076 -0.009 -0.056 0.074 -0.000
-0.050 -0.063 0.023 -0.028 -0.016 0.064 -0.081 -0.007 -0.054 0.076 -0.000
-0.050 -0.063 0.023 -0.028 -0.016 0.064 -0.081 -0.007 -0.054 0.076 -0.000
-0.050 -0.064 0.024 -0.026 -0.013 0.054 -0.075 -0.002 -0.058 0.081 -0.000
-0.050 -0.064 0.026 -0.024 -0.010 0.043 -0.069 0.003 -0.061 0.085 -0.000
-0.050 -0.065 0.027 -0.022 -0.007 0.033 -0.063 0.008 -0.065 0.090 0.000
-0.051 -0.065 0.027 -0.022 -0.007 0.033 -0.064 0.009 -0.065 0.090 0.000
-0.051 -0.065 0.027 -0.022 -0.005 0.033 -0.063 0.006 -0.065 0.088 0.000
-0.051 -0.062 0.032 -0.032 0.001 0.038 -0.059 -0.005 -0.061 0.085 0.000
-0.051 -0.062 0.034 -0.030 0.004 0.027 -0.053 -0.000 -0.065 0.089 0.000
-0.052 -0.064 0.035 -0.029 0.003 0.032 -0.053 0.009 -0.055 0.068 0.000
-0.052 -0.064 0.035 -0.029 0.003 0.033 -0.052 0.010 -0.057 0.068 0.000
-0.052 -0.064 0.036 -0.028 -0.001 0.037 -0.046 0.021 -0.050 0.021 0.000
-0.052 -0.065 0.038 -0.026 0.002 0.026 -0.040 0.027 -0.053 0.026 0.000
-0.052 -0.066 0.039 -0.024 0.005 0.016 -0.034 0.032 -0.057 0.030 0.000
-0.052 -0.066 0.038 -0.024 0.008 0.017 -0.032 0.027 -0.057 0.027 0.000
-0.052 -0.067 0.038 -0.024 0.007 0.019 -0.028 0.030 -0.049 0.036 0.000
-0.053 -0.063 0.038 -0.027 0.009 0.023 -0.029 0.025 -0.045 0.037 0.000
-0.053 -0.063 0.040 -0.026 0.005 0.027 -0.023 0.037 -0.037 -0.010 0.000
-0.053 -0.064 0.039 -0.026 0.007 0.028 -0.022 0.033 -0.037 -0.013 0.001
-0.054 -0.066 0.041 -0.023 0.000 0.019 -0.019 0.021 -0.042 -0.006 0.001
-0.054 -0.067 0.042 -0.023 -0.005 0.018 -0.020 0.012 -0.044 -0.004 0.001
-0.054 -0.065 0.046 -0.030 -0.001 0.021 -0.017 0.004 -0.041 -0.006 0.001
-0.054 -0.065 0.046 -0.029 -0.002 0.023 -0.015 0.008 -0.039 -0.022 0.001
-0.054 -0.066 0.044 -0.033 -0.003 0.019 -0.020 0.014 -0.039 -0.023 0.001
-0.054 -0.066 0.044 -0.033 -0.004 0.020 -0.018 0.015 -0.034 -0.019 0.001
-0.054 -0.066 0.044 -0.033 -0.004 0.022 -0.016 0.018 -0.042 -0.016 0.001
-0.054 -0.066 0.044 -0.033 -0.005 0.024 -0.015 0.019 -0.048 -0.015 0.001
-0.055 -0.067 0.047 -0.035 -0.011 0.028 -0.011 0.012 -0.056 -0.026 0.001
-0.055 -0.068 0.049 -0.034 -0.008 0.018 -0.005 0.017 -0.060 -0.022 0.001
-0.055 -0.069 0.050 -0.033 -0.017 0.017 -0.007 0.002 -0.062 -0.019 0.001
-0.056 -0.070 0.052 -0.031 -0.014 0.006 -0.001 0.007 -0.066 -0.014 0.001
-0.056 -0.071 0.055 -0.027 -0.007 -0.014 0.011 0.017 -0.073 -0.005 0.001
-0.056 -0.071 0.055 -0.027 -0.007 -0.014 0.011 0.017 -0.073 -0.005 0.001
-0.056 -0.072 0.057 -0.025 -0.003 -0.027 0.019 0.024 -0.078 0.000 0.001
-0.056 -0.072 0.057 -0.025 -0.003 -0.027 0.019 0.024 -0.076 0.002 0.001
-0.057 -0.073 0.058 -0.023 -0.001 -0.035 0.024 0.028 -0.079 0.005 0.001
-0.057 -0.073 0.060 -0.021 0.002 -0.045 0.030 0.033 -0.083 0.009 0.001
-0.057 -0.075 0.058 -0.022 0.005 -0.040 0.038 0.031 -0.081 0.016 0.001
-0.057 -0.075 0.058 -0.022 0.005 -0.040 0.038 0.031 -0.081 0.016 0.001
-0.057 -0.074 0.059 -0.018 0.004 -0.076 0.016 -0.019 0.066 -0.032 0.001
-0.057 -0.074 0.059 -0.018 0.004 -0.076 0.016 -0.019 0.066 -0.032 0.001
-0.051 -0.012 0.139 0.062 -0.052 -0.121 -0.051 -0.058 0.079 -0.085 0.001
-0.051 -0.012 0.139 0.062 -0.052 -0.121 -0.051 -0.058 0.079 -0.085 0.001
-0.051 -0.012 0.139 0.062 -0.052 -0.121 -0.051 -0.058 0.079 -0.085 0.001
-0.052 -0.008 0.144 0.052 -0.046 -0.117 -0.047 -0.070 0.083 -0.088 0.001
-0.056 0.019 0.114 0.077 -0.060 -0.109 -0.066 -0.062 0.092 -0.069 0.000
-0.057 0.024 0.115 0.073 -0.058 -0.106 -0.066 -0.069 0.095 -0.069 0.000
-0.057 0.028 0.120 0.063 -0.052 -0.101 -0.062 -0.081 0.099 -0.073 0.000
-0.057 0.026 0.121 0.064 -0.051 -0.091 -0.059 -0.069 0.126 -0.044 0.000
-0.058 0.023 0.118 0.064 -0.042 -0.088 -0.054 -0.084 0.125 -0.054 0.000
-0.058 0.022 0.118 0.063 -0.045 -0.071 -0.043 -0.065 0.061 -0.037 0.000
-0.059 0.026 0.107 0.062 -0.051 -0.077 -0.058 -0.050 0.063 -0.035 -0.000
-0.059 0.022 0.103 0.063 -0.037 -0.077 -0.048 -0.069 0.059 -0.047 0.000
-0.060 0.021 0.103 0.062 -0.038 -0.069 -0.043 -0.060 0.027 -0.039 0.000
-0.059 0.022 0.100 0.059 -0.029 -0.072 -0.056 -0.086 -0.031 0.112 -0.000
-0.060 0.020 0.102 0.060 -0.038 -0.075 -0.056 -0.101 -0.034 0.117 -0.000
-0.060 0.020 0.103 0.061 -0.037 -0.073 -0.061 -0.099 -0.032 0.119 -0.000
-0.060 0.017 0.101 0.062 -0.033 -0.068 -0.053 -0.102 -0.027 0.078 -0.000
-0.060 0.017 0.101 0.061 -0.034 -0.062 -0.049 -0.095 -0.049 0.084 -0.000
-0.060 0.015 0.102 0.061 -0.040 -0.053 -0.032 -0.080 -0.021 0.074 -0.000
-0.060 0.012 0.101 0.063 -0.030 -0.047 -0.037 -0.087 -0.018 0.070 -0.000
-0.061 0.012 0.101 0.063 -0.029 -0.052 -0.034 -0.084 -0.020 0.072 -0.000
-0.061 0.011 0.103 0.065 -0.033 -0.048 -0.028 -0.073 -0.012 0.025 0.000
-0.057 0.035 0.083 0.054 0.104 -0.034 0.000 0.149 0.023 -0.025 0.000
-0.057 0.034 0.085 0.056 0.108 -0.028 -0.014 0.156 0.029 -0.019 0.000
-0.058 0.032 0.087 0.058 0.112 -0.022 -0.028 0.162 0.035 -0.013 0.000
-0.058 0.032 0.087 0.058 0.111 -0.019 -0.026 0.165 0.025 -0.010 0.000
-0.058 0.032 0.086 0.058 0.112 -0.018 -0.026 0.170 0.020 -0.016 0.000
-0.058 0.034 0.090 0.052 0.116 -0.015 -0.023 0.162 0.023 -0.019 0.000
-0.059 0.036 0.087 0.054 0.115 -0.015 -0.025 0.163 0.024 -0.017 0.000
-0.059 0.036 0.087 0.053 0.115 -0.010 -0.022 0.168 0.008 -0.013 0.000
-0.059 0.038 0.085 0.055 0.113 -0.010 -0.024 0.168 0.008 -0.011 0.000
-0.059 0.038 0.085 0.055 0.113 -0.010 -0.024 0.168 0.008 -0.011 0.000
-0.059 0.036 0.084 0.054 0.110 -0.002 -0.006 0.178 0.040 0.022 -0.000
-0.059 0.034 0.081 0.055 0.119 0.002 -0.002 0.164 0.039 0.012 -0.000
-0.056 0.042 0.060 0.030 0.078 0.134 -0.079 0.099 0.085 -0.045 -0.000
-0.054 0.060 0.032 0.003 0.025 0.057 0.101 0.011 0.008 -0.126 0.001
-0.054 0.058 0.037 0.008 0.035 0.026 0.120 0.026 -0.003 -0.112 0.001
-0.054 0.060 0.035 0.006 0.044 0.018 0.106 0.001 -0.020 -0.010 0.000
-0.054 0.060 0.035 0.006 0.044 0.018 0.106 0.001 -0.020 -0.010 0.000
-0.058 0.035 0.056 0.019 -0.088 0.009 0.064 -0.213 -0.049 0.047 0.000
-0.058 0.033 0.058 0.019 -0.088 0.026 0.062 -0.195 -0.090 0.063 0.000
-0.055 0.053 0.042 0.010 0.028 0.038 0.086 -0.007 -0.061 0.021 0.000
-0.056 0.049 0.045 0.012 0.007 0.036 0.082 -0.042 -0.067 0.028 0.000
-0.056 0.049 0.046 0.013 0.003 0.040 0.088 -0.030 -0.059 -0.019 0.000
-0.056 0.048 0.047 0.014 -0.002 0.044 0.094 -0.019 -0.051 -0.066 0.000
-0.056 0.046 0.046 0.013 -0.004 0.050 0.107 -0.011 -0.030 -0.041 0.000
-0.056 0.049 0.050 0.006 0.001 0.053 0.110 -0.020 -0.027 -0.044 0.000
-0.057 0.044 0.044 0.006 0.019 0.060 0.120 -0.050 -0.029 -0.065 0.001
-0.058 0.049 0.039 0.010 0.017 0.062 0.117 -0.049 -0.028 -0.061 0.001
-0.058 0.045 0.033 -0.000 0.013 0.049 0.101 -0.031 -0.029 -0.065 0.001
-0.059 0.050 0.024 0.002 0.008 0.047 0.091 -0.023 -0.027 -0.062 0.000
-0.058 0.054 0.021 0.000 0.029 0.049 0.096 0.011 -0.022 -0.070 0.000
-0.058 0.057 0.016 -0.009 0.020 0.034 0.123 -0.001 -0.034 -0.085 0.001
-0.058 0.056 0.014 -0.014 0.018 0.028 0.116 0.007 -0.034 -0.087 0.001
-0.059 0.057 0.015 -0.017 0.020 0.029 0.117 0.004 -0.033 -0.088 0.001
-0.058 0.058 0.013 -0.019 0.028 0.022 0.104 -0.019 -0.049 0.006 0.000
-0.058 0.057 0.015 -0.017 0.032 0.028 0.090 -0.012 -0.043 0.013 0.000
-0.058 0.057 0.015 -0.017 0.032 0.028 0.090 -0.012 -0.043 0.013 0.000
-0.059 0.055 0.013 -0.022 0.031 0.022 0.083 -0.004 -0.043 0.011 0.000
-0.059 0.053 0.013 -0.023 0.034 0.025 0.060 0.011 -0.036 0.017 0.000
-0.059 0.052 0.015 -0.022 0.037 0.014 0.066 0.016 -0.040 0.021 0.000
-0.059 0.052 0.014 -0.021 0.039 0.015 0.067 0.013 -0.040 0.020 0.000
-0.060 0.050 0.017 -0.018 0.045 -0.006 0.079 0.023 -0.047 0.028 0.000
-0.061 0.046 0.027 -0.006 0.065 -0.069 0.116 0.054 -0.070 0.056 0.000
-0.062 0.043 0.030 -0.004 0.044 -0.071 0.112 0.020 -0.075 0.063 0.000
-0.062 0.041 0.032 -0.002 0.047 -0.065 0.099 0.026 -0.069 0.069 0.000
-0.062 0.038 0.035 -0.001 0.026 -0.068 0.095 -0.008 -0.075 0.077 0.000
-0.059 0.048 0.011 -0.030 -0.022 0.089 0.003 -0.085 -0.019 0.009 -0.000
-0.059 0.046 0.014 -0.026 -0.016 0.069 0.015 -0.075 -0.027 0.018 -0.000
-0.059 0.046 0.014 -0.026 -0.017 0.074 0.019 -0.069 -0.047 0.024 -0.000
-0.060 0.042 0.010 -0.035 -0.022 0.071 0.020 -0.049 -0.024 0.045 -0.000
-0.060 0.040 0.007 -0.034 -0.015 0.074 0.024 -0.061 -0.025 0.037 -0.000
-0.060 0.040 0.007 -0.041 -0.015 0.071 0.020 -0.058 -0.024 0.035 -0.000
-0.060 0.039 0.004 -0.046 -0.016 0.065 0.012 -0.049 -0.025 0.033 -0.000
-0.060 0.039 0.004 -0.046 -0.016 0.065 0.012 -0.049 -0.025 0.033 -0.000
-0.060 0.038 0.005 -0.045 -0.019 0.068 0.017 -0.041 -0.019 -0.001 0.000
-0.061 0.035 0.001 -0.052 -0.016 0.062 0.013 -0.038 -0.032 0.052 -0.000
-0.061 0.034 -0.002 -0.057 -0.018 0.056 0.005 -0.030 -0.032 0.050 -0.000
-0.061 0.032 -0.003 -0.059 -0.024 0.059 0.012 -0.011 -0.015 0.015 -0.000
-0.061 0.031 -0.001 -0.057 -0.021 0.048 0.018 -0.005 -0.018 0.020 -0.000
-0.062 0.032 0.001 -0.062 -0.020 0.054 0.028 -0.006 -0.002 0.033 -0.000
-0.062 0.032 0.000 -0.062 -0.020 0.055 0.030 -0.004 0.002 0.038 -0.000
-0.062 0.031 0.000 -0.062 -0.021 0.058 0.033 -0.000 -0.009 0.043 -0.000
-0.062 0.031 0.001 -0.062 -0.022 0.059 0.034 0.002 -0.007 0.035 -0.000
-0.061 0.036 -0.008 -0.072 -0.037 0.035 0.082 -0.020 -0.029 0.011 0.000
-0.061 0.033 -0.011 -0.071 -0.028 0.039 0.087 -0.035 -0.030 0.002 0.000
-0.060 0.047 0.003 -0.071 -0.066 -0.015 0.037 0.003 0.126 -0.004 -0.000
-0.060 0.046 0.005 -0.070 -0.064 -0.005 0.031 0.015 0.108 0.006 -0.000
-0.061 0.042 0.010 -0.064 -0.053 0.011 -0.007 0.033 0.124 0.023 -0.000
-0.061 0.042 0.010 -0.064 -0.053 0.011 -0.007 0.033 0.124 0.023 -0.000
-0.061 0.042 0.011 -0.064 -0.053 0.011 -0.008 0.033 0.125 0.023 -0.000
-0.060 0.046 0.005 -0.069 -0.064 -0.005 0.030 0.015 0.108 0.007 -0.000
-0.060 0.045 0.004 -0.071 -0.064 -0.006 0.028 0.018 0.108 0.006 -0.000
-0.060 0.044 0.004 -0.072 -0.066 0.002 0.034 0.027 0.076 0.015 -0.000
-0.061 0.042 0.008 -0.067 -0.058 0.014 0.006 0.041 0.088 0.027 -0.000
-0.061 0.041 0.009 -0.066 -0.055 0.006 0.010 0.044 0.086 0.030 -0.000
-0.061 0.040 0.010 -0.067 -0.057 0.015 0.016 0.054 0.054 0.039 -0.000
-0.061 0.039 0.011 -0.065 -0.054 0.019 0.007 0.059 0.059 0.045 -0.000
-0.062 0.041 0.013 -0.069 -0.052 0.021 0.008 0.055 0.061 0.043 -0.000
-0.062 0.040 0.014 -0.068 -0.055 0.024 0.013 0.063 0.067 0.009 -0.000
-0.062 0.039 0.012 -0.072 -0.056 0.020 0.008 0.069 0.066 0.008 -0.000
-0.062 0.041 0.015 -0.077 -0.053 0.023 0.011 0.065 0.070 -0.002 -0.000
-0.063 0.038 0.015 -0.074 -0.042 0.011 0.023 0.061 0.064 -0.003 -0.000
-0.063 0.034 0.016 -0.071 -0.040 0.013 0.019 0.046 0.065 -0.007 0.000
-0.064 0.030 0.019 -0.070 -0.061 0.011 0.015 0.012 0.060 0.001 -0.000
-0.064 0.028 0.016 -0.070 -0.052 0.015 0.019 -0.003 0.058 -0.009 0.000
-0.064 0.028 0.016 -0.070 -0.052 0.015 0.019 -0.003 0.058 -0.009 0.000
-0.064 0.026 0.014 -0.069 -0.045 0.018 0.023 -0.013 0.056 -0.016 0.000
-0.064 0.023 0.011 -0.069 -0.036 0.021 0.028 -0.028 0.054 -0.026 0.000
-0.064 0.023 0.011 -0.069 -0.037 0.022 0.029 -0.026 0.056 -0.037 0.000
-0.064 0.022 0.010 -0.069 -0.033 0.024 0.031 -0.031 0.057 -0.043 0.000
-0.065 0.021 0.011 -0.067 -0.031 0.024 0.035 -0.021 0.038 -0.034 0.000
-0.065 0.021 0.011 -0.067 -0.031 0.024 0.035 -0.021 0.038 -0.034 0.000
-0.065 0.020 0.011 -0.069 -0.032 0.023 0.032 -0.019 0.038 -0.035 0.000
Матрица S
18.482 0.000 0.000 0.000 0.000 0.000 0.000 0.000 0.000 0.000 0.000
0.000 2.716 0.000 0.000 0.000 0.000 0.000 0.000 0.000 0.000 0.000
0.000 0.000 2.114 0.000 0.000 0.000 0.000 0.000 0.000 0.000 0.000
0.000 0.000 0.000 1.648 0.000 0.000 0.000 0.000 0.000 0.000 0.000
0.000 0.000 0.000 0.000 0.952 0.000 0.000 0.000 0.000 0.000 0.000
0.000 0.000 0.000 0.000 0.000 0.782 0.000 0.000 0.000 0.000 0.000
0.000 0.000 0.000 0.000 0.000 0.000 0.626 0.000 0.000 0.000 0.000
0.000 0.000 0.000 0.000 0.000 0.000 0.000 0.495 0.000 0.000 0.000
0.000 0.000 0.000 0.000 0.000 0.000 0.000 0.000 0.391 0.000 0.000
0.000 0.000 0.000 0.000 0.000 0.000 0.000 0.000 0.000 0.312 0.000
0.000 0.000 0.000 0.000 0.000 0.000 0.000 0.000 0.000 0.000 0.000
Матрица V
0.000 0.000 0.000 0.000 0.000 0.000 0.000 0.000 0.000 0.000 -1.000
-0.401 0.377 0.438 -0.612 0.226 0.129 0.099 -0.221 0.059 -0.039 -0.000
-0.191 -0.112 0.130 0.093 -0.221 0.168 0.221 0.316 0.171 -0.819 -0.000
-0.217 -0.433 -0.404 0.027 0.532 0.173 0.186 -0.464 -0.027 -0.194 -0.000
-0.574 0.556 -0.486 0.316 -0.105 0.046 -0.094 0.029 0.025 0.045 -0.000
-0.226 -0.303 -0.397 -0.605 -0.132 -0.327 -0.335 0.309 -0.009 -0.041 -0.000
-0.152 -0.119 0.007 -0.068 -0.086 0.417 0.225 0.296 -0.781 0.166 -0.000
-0.291 -0.270 0.325 0.248 0.273 0.331 -0.623 0.239 0.167 0.138 -0.000
-0.134 -0.213 -0.093 -0.090 -0.153 0.272 0.490 0.230 0.556 0.470 -0.000
-0.374 -0.148 0.281 0.264 0.255 -0.674 0.316 0.208 -0.119 0.116 -0.000
-0.331 -0.321 0.204 0.087 -0.647 -0.056 -0.088 -0.546 -0.067 0.078 -0.000
Матрица Sk, k = 2
18.482 0.000
0.000 2.716
Матрица Vk, k =  2
0.000 0.000
-0.401 0.377
-0.191 -0.112
-0.217 -0.433
-0.574 0.556
-0.226 -0.303
-0.152 -0.119
-0.291 -0.270
-0.134 -0.213
-0.374 -0.148
-0.331 -0.321
Матрица Uk, k =  2
-0.001 0.005
-0.001 0.004
-0.001 0.007
-0.001 0.007
-0.001 0.000
-0.002 -0.001
-0.002 -0.001
-0.002 0.002
-0.003 0.001
-0.003 0.000
-0.003 0.008
-0.003 0.006
-0.006 -0.029
-0.010 -0.055
-0.010 -0.058
-0.006 -0.023
-0.007 -0.019
-0.007 -0.021
-0.008 -0.024
-0.008 -0.020
-0.010 -0.014
-0.010 -0.014
-0.010 -0.014
-0.010 -0.015
-0.010 -0.016
-0.011 -0.018
-0.011 -0.021
-0.012 -0.025
-0.012 -0.028
-0.012 -0.029
-0.012 -0.030
-0.011 -0.046
-0.011 -0.048
-0.011 -0.049
-0.011 -0.049
-0.012 -0.050
-0.013 -0.070
-0.014 -0.073
-0.014 -0.074
-0.014 -0.077
-0.015 -0.074
-0.015 -0.075
-0.015 -0.079
-0.016 -0.080
-0.016 -0.081
-0.016 -0.084
-0.016 -0.081
-0.016 -0.082
-0.016 -0.085
-0.017 -0.085
-0.017 -0.085
-0.017 -0.086
-0.018 -0.085
-0.018 -0.089
-0.019 -0.086
-0.020 -0.085
-0.020 -0.087
-0.020 -0.083
-0.020 -0.084
-0.021 -0.086
-0.021 -0.088
-0.021 -0.088
-0.021 -0.089
-0.021 -0.091
-0.022 -0.092
-0.022 -0.093
-0.022 -0.094
-0.022 -0.097
-0.022 -0.097
-0.023 -0.103
-0.024 -0.106
-0.024 -0.107
-0.024 -0.109
-0.024 -0.111
-0.025 -0.110
-0.025 -0.111
-0.025 -0.111
-0.026 -0.114
-0.026 -0.115
-0.026 -0.110
-0.026 -0.110
-0.026 -0.110
-0.026 -0.110
-0.027 -0.106
-0.027 -0.102
-0.028 -0.106
-0.028 -0.107
-0.029 -0.102
-0.029 -0.104
-0.029 -0.104
-0.029 -0.104
-0.029 -0.104
-0.029 -0.105
-0.043 -0.014
-0.043 -0.016
-0.043 -0.020
-0.043 -0.020
-0.044 -0.020
-0.044 -0.021
-0.044 -0.021
-0.045 -0.014
-0.046 -0.016
-0.048 -0.002
-0.048 -0.002
-0.048 0.002
-0.049 0.002
-0.049 0.001
-0.049 0.001
-0.049 0.001
-0.049 -0.000
-0.050 0.004
-0.050 0.003
-0.050 0.002
-0.050 0.002
-0.050 0.002
-0.051 0.000
-0.051 0.000
-0.051 -0.000
-0.051 -0.000
-0.051 0.004
-0.051 0.002
-0.052 0.008
-0.052 0.006
-0.052 0.006
-0.052 0.006
-0.052 0.006
-0.053 0.005
-0.053 0.005
-0.053 0.005
-0.053 0.004
-0.053 0.003
-0.053 -0.000
-0.053 -0.001
-0.053 -0.001
-0.054 0.008
-0.054 0.008
-0.054 0.007
-0.054 0.008
-0.054 0.007
-0.054 0.006
-0.055 0.009
-0.057 0.024
-0.057 0.024
-0.058 0.023
-0.058 0.023
-0.058 0.023
-0.059 0.032
-0.059 0.032
-0.059 0.035
-0.059 0.034
-0.059 0.033
-0.059 0.031
-0.060 0.030
-0.060 0.028
-0.060 0.027
-0.060 0.027
-0.061 0.026
-0.061 0.025
-0.061 0.025
-0.061 0.026
-0.061 0.025
-0.061 0.024
-0.061 0.025
-0.061 0.025
-0.061 0.025
-0.061 0.023
-0.061 0.023
-0.061 0.023
-0.053 0.017
-0.053 0.017
-0.053 0.014
-0.054 0.016
-0.054 0.015
-0.054 0.015
-0.054 0.013
-0.054 0.012
-0.055 0.010
-0.055 0.010
-0.055 0.010
-0.055 0.010
-0.055 0.009
-0.055 0.010
-0.055 0.010
-0.056 0.013
-0.056 0.013
-0.056 0.013
-0.056 0.011
-0.056 0.011
-0.056 0.009
-0.057 0.013
-0.057 0.013
-0.057 0.010
-0.057 0.009
-0.058 0.008
-0.058 0.008
-0.058 0.007
-0.058 0.007
-0.058 0.006
-0.058 0.007
-0.058 0.006
-0.058 0.006
-0.058 0.003
-0.058 0.003
-0.059 0.002
-0.058 0.014
-0.058 0.014
-0.058 0.013
-0.059 0.012
-0.055 0.021
-0.056 0.017
-0.056 0.014
-0.056 0.014
-0.056 0.017
-0.056 0.014
-0.056 0.013
-0.056 0.012
-0.057 0.014
-0.057 0.018
-0.057 0.020
-0.057 0.020
-0.058 0.021
-0.058 0.019
-0.059 0.022
-0.059 0.020
-0.059 0.019
-0.059 0.019
-0.059 0.019
-0.047 -0.061
-0.047 -0.062
-0.047 -0.062
-0.047 -0.063
-0.047 -0.064
-0.047 -0.064
-0.049 -0.055
-0.049 -0.056
-0.049 -0.058
-0.049 -0.058
-0.049 -0.059
-0.049 -0.063
-0.049 -0.063
-0.049 -0.063
-0.050 -0.064
-0.050 -0.063
-0.050 -0.063
-0.050 -0.062
-0.050 -0.063
-0.050 -0.063
-0.050 -0.064
-0.050 -0.064
-0.050 -0.065
-0.051 -0.065
-0.051 -0.065
-0.051 -0.062
-0.051 -0.062
-0.052 -0.064
-0.052 -0.064
-0.052 -0.064
-0.052 -0.065
-0.052 -0.066
-0.052 -0.066
-0.052 -0.067
-0.053 -0.063
-0.053 -0.063
-0.053 -0.064
-0.054 -0.066
-0.054 -0.067
-0.054 -0.065
-0.054 -0.065
-0.054 -0.066
-0.054 -0.066
-0.054 -0.066
-0.054 -0.066
-0.055 -0.067
-0.055 -0.068
-0.055 -0.069
-0.056 -0.070
-0.056 -0.071
-0.056 -0.071
-0.056 -0.072
-0.056 -0.072
-0.057 -0.073
-0.057 -0.073
-0.057 -0.075
-0.057 -0.075
-0.057 -0.074
-0.057 -0.074
-0.051 -0.012
-0.051 -0.012
-0.051 -0.012
-0.052 -0.008
-0.056 0.019
-0.057 0.024
-0.057 0.028
-0.057 0.026
-0.058 0.023
-0.058 0.022
-0.059 0.026
-0.059 0.022
-0.060 0.021
-0.059 0.022
-0.060 0.020
-0.060 0.020
-0.060 0.017
-0.060 0.017
-0.060 0.015
-0.060 0.012
-0.061 0.012
-0.061 0.011
-0.057 0.035
-0.057 0.034
-0.058 0.032
-0.058 0.032
-0.058 0.032
-0.058 0.034
-0.059 0.036
-0.059 0.036
-0.059 0.038
-0.059 0.038
-0.059 0.036
-0.059 0.034
-0.056 0.042
-0.054 0.060
-0.054 0.058
-0.054 0.060
-0.054 0.060
-0.058 0.035
-0.058 0.033
-0.055 0.053
-0.056 0.049
-0.056 0.049
-0.056 0.048
-0.056 0.046
-0.056 0.049
-0.057 0.044
-0.058 0.049
-0.058 0.045
-0.059 0.050
-0.058 0.054
-0.058 0.057
-0.058 0.056
-0.059 0.057
-0.058 0.058
-0.058 0.057
-0.058 0.057
-0.059 0.055
-0.059 0.053
-0.059 0.052
-0.059 0.052
-0.060 0.050
-0.061 0.046
-0.062 0.043
-0.062 0.041
-0.062 0.038
-0.059 0.048
-0.059 0.046
-0.059 0.046
-0.060 0.042
-0.060 0.040
-0.060 0.040
-0.060 0.039
-0.060 0.039
-0.060 0.038
-0.061 0.035
-0.061 0.034
-0.061 0.032
-0.061 0.031
-0.062 0.032
-0.062 0.032
-0.062 0.031
-0.062 0.031
-0.061 0.036
-0.061 0.033
-0.060 0.047
-0.060 0.046
-0.061 0.042
-0.061 0.042
-0.061 0.042
-0.060 0.046
-0.060 0.045
-0.060 0.044
-0.061 0.042
-0.061 0.041
-0.061 0.040
-0.061 0.039
-0.062 0.041
-0.062 0.040
-0.062 0.039
-0.062 0.041
-0.063 0.038
-0.063 0.034
-0.064 0.030
-0.064 0.028
-0.064 0.028
-0.064 0.026
-0.064 0.023
-0.064 0.023
-0.064 0.022
-0.065 0.021
-0.065 0.021
-0.065 0.020

Vector q
-0.002 -0.008

Косинусная мера:
Sim (q, d3) = 0.976
Sim (q, d8) = 0.951
Sim (q, d5) = 0.924
Sim (q, d10) = 0.850
Sim (q, d7) = 0.839
Sim (q, d6) = 0.789
Sim (q, d2) = 0.702
Sim (q, d9) = 0.583

Disconnected from the target VM, address: '127.0.0.1:42635', transport: 'socket'

Process finished with exit code 0
